1 46279U 20061H   23084.11866480  .00028963  00000+0  13414-2 0  9990
2 46279  97.4107 152.7899 0003186  31.9264 328.2163 15.20054707140968
1 46279U 20061H   23084.90860232  .00025440  00000+0  11777-2 0  9993
2 46279  97.4103 153.5663 0003132  30.4662 329.6754 15.20096951141081
1 46279U 20061H   23085.17191040  .00025006  00000+0  11573-2 0  9999
2 46279  97.4102 153.8250 0003114  29.5596 330.5814 15.20110484141121
1 46279U 20061H   23085.69852095  .00023154  00000+0  10714-2 0  9998
2 46279  97.4100 154.3425 0002983  26.5292 333.6095 15.20132392141208
1 46279U 20061H   23086.42259747  .00022815  00000+0  10549-2 0  9994
2 46279  97.4097 155.0540 0002912  23.3179 336.8188 15.20162452141310
1 46279U 20061H   23086.88336627  .00022270  00000+0  10293-2 0  9998
2 46279  97.4099 155.5070 0002886  20.8397 339.2955 15.20180747141382
1 46279U 20061H   23087.40995088  .00022946  00000+0  10596-2 0  9995
2 46279  97.4100 156.0244 0002824  18.8629 341.2710 15.20205416141463
1 46279U 20061H   23087.67324027  .00023166  00000+0  10693-2 0  9996
2 46279  97.4100 156.2833 0002784  18.3583 341.7752 15.20218373141500
1 46279U 20061H   23088.13399064  .00026019  00000+0  11993-2 0  9995
2 46279  97.4101 156.7362 0002825  16.5527 343.5800 15.20243601141570
1 46279U 20061H   23088.92383208  .00027112  00000+0  12479-2 0  9990
2 46279  97.4105 157.5129 0002728  15.9738 344.1583 15.20283538141694
1 46279U 20061H   23089.71365114  .00028761  00000+0  13216-2 0  9995
2 46279  97.4101 158.2884 0002638  13.6765 346.4541 15.20329063141818
1 46279U 20061H   23090.17436804  .00030753  00000+0  14114-2 0  9994
2 46279  97.4101 158.7412 0002624  10.8010 349.3281 15.20356312141884
1 46279U 20061H   23091.16159365  .00026257  00000+0  12045-2 0  9993
2 46279  97.4098 159.7117 0002550   6.0436 354.0830 15.20406155142031
1 46279U 20061H   23091.75391480  .00024203  00000+0  11100-2 0  9994
2 46279  97.4097 160.2938 0002468   2.4296 357.6951 15.20431679142122
1 46279U 20061H   23092.41203615  .00026627  00000+0  12193-2 0  9995
2 46279  97.4099 160.9407 0002368 358.9987   1.1243 15.20464643142220
1 46279U 20061H   23092.60947014  .00023555  00000+0  10792-2 0  9994
2 46279  97.4099 161.1346 0002326 358.2293   1.8934 15.20472309142257
1 46279U 20061H   23092.74109199  .00023922  00000+0  10957-2 0  9994
2 46279  97.4099 161.2640 0002323 358.1814   1.9412 15.20478961142274
1 46279U 20061H   23093.13595500  .00020435  00000+0  93647-3 0  9997
2 46279  97.4099 161.6524 0002355 356.1917   3.9300 15.20493574142338
1 46279U 20061H   23094.18889914  .00024268  00000+0  11093-2 0  9990
2 46279  97.4099 162.6874 0002254 353.6175   6.5031 15.20545628142498
1 46279U 20061H   23095.17600404  .00021333  00000+0  97473-3 0  9992
2 46279  97.4095 163.6578 0002162 349.3413  10.7777 15.20587770142646
1 46279U 20061H   23095.89986414  .00020075  00000+0  91684-3 0  9999
2 46279  97.4091 164.3695 0002087 343.1391  16.9775 15.20615959142752
1 46279U 20061H   23096.49210318  .00018344  00000+0  83768-3 0  9999
2 46279  97.4088 164.9514 0002053 339.3957  20.7195 15.20638715142846
1 46279U 20061H   23097.15013594  .00020974  00000+0  95624-3 0  9996
2 46279  97.4085 165.5986 0002067 336.5758  23.5383 15.20666700142942
1 46279U 20061H   23097.41334540  .00021389  00000+0  97472-3 0  9996
2 46279  97.4084 165.8572 0002043 334.6501  25.4633 15.20678070142980
1 46279U 20061H   23098.13716313  .00018696  00000+0  85202-3 0  9993
2 46279  97.4082 166.5689 0002097 332.2545  27.8578 15.20705419143091
1 46279U 20061H   23098.72936740  .00018687  00000+0  85106-3 0  9999
2 46279  97.4082 167.1509 0002043 329.2780  30.8335 15.20728371143184
1 46279U 20061H   23099.18996493  .00018340  00000+0  83492-3 0  9993
2 46279  97.4081 167.6038 0001954 326.2670  33.8441 15.20745304143254
1 46279U 20061H   23099.71635626  .00017376  00000+0  79091-3 0  9998
2 46279  97.4080 168.1215 0001906 324.3377  35.7731 15.20763206143339
1 46279U 20061H   23100.17694338  .00017804  00000+0  80987-3 0  9998
2 46279  97.4078 168.5745 0001871 322.1293  37.9811 15.20780090143403
1 46279U 20061H   23101.16389652  .00017873  00000+0  81207-3 0  9990
2 46279  97.4075 169.5454 0001833 315.9207  44.1882 15.20818744143553
1 46279U 20061H   23102.15082465  .00017532  00000+0  79578-3 0  9992
2 46279  97.4073 170.5158 0001835 308.8483  51.2589 15.20856692143707
1 46279U 20061H   23103.13772881  .00019295  00000+0  87431-3 0  9994
2 46279  97.4074 171.4864 0001827 303.2864  56.8196 15.20895899143858
1 46279U 20061H   23104.19039840  .00021115  00000+0  95503-3 0  9995
2 46279  97.4076 172.5216 0001764 296.5306  63.5749 15.20940052144018
1 46279U 20061H   23104.91409042  .00023066  00000+0  10417-2 0  9997
2 46279  97.4077 173.2334 0001724 292.2815  67.8238 15.20973304144120
1 46279U 20061H   23105.44040101  .00022374  00000+0  10099-2 0  9990
2 46279  97.4078 173.7510 0001779 286.6875  73.4165 15.20998097144202
1 46279U 20061H   23105.90091539  .00024641  00000+0  11108-2 0  9993
2 46279  97.4074 174.2041 0001809 284.2521  75.8513 15.21022488144272
1 46279U 20061H   23106.49299566  .00023941  00000+0  10785-2 0  9990
2 46279  97.4076 174.7862 0001819 280.7267  79.3764 15.21050939144368
1 46279U 20061H   23106.75613884  .00024198  00000+0  10896-2 0  9990
2 46279  97.4076 175.0450 0001831 278.8038  81.2991 15.21064156144408
1 46279U 20061H   23107.41398680  .00024088  00000+0  10837-2 0  9991
2 46279  97.4075 175.6920 0001925 274.8120  85.2896 15.21095305144506
1 46279U 20061H   23107.74290606  .00024787  00000+0  11144-2 0  9994
2 46279  97.4074 176.0155 0001906 271.7666  88.3351 15.21111636144551
1 46279U 20061H   23108.13760474  .00023246  00000+0  10450-2 0  9991
2 46279  97.4073 176.4038 0001894 270.6715  89.4304 15.21128970144619
1 46279U 20061H   23108.72964369  .00025628  00000+0  11504-2 0  9992
2 46279  97.4074 176.9859 0001940 266.8934  93.2080 15.21158834144704
1 46279U 20061H   23109.19011118  .00025354  00000+0  11375-2 0  9991
2 46279  97.4072 177.4389 0001934 265.2147  94.8868 15.21179757144773
1 46279U 20061H   23109.65057206  .00024672  00000+0  11064-2 0  9997
2 46279  97.4071 177.8917 0001946 260.9942  99.1074 15.21201299144843
1 46279U 20061H   23110.43991914  .00018968  00000+0  85121-3 0  9995
2 46279  97.4066 178.6685 0001924 257.3561 102.7460 15.21232129144960
1 46279U 20061H   23110.63725335  .00018761  00000+0  84173-3 0  9996
2 46279  97.4066 178.8627 0001956 255.8786 104.2233 15.21240781144996
1 46279U 20061H   23111.49235658  .00017868  00000+0  80119-3 0  9998
2 46279  97.4060 179.7038 0002125 252.5346 107.5658 15.21271501145128
1 46279U 20061H   23112.15011618  .00020399  00000+0  91322-3 0  9991
2 46279  97.4059 180.3513 0002182 249.7659 110.3342 15.21298574145222
1 46279U 20061H   23113.00518697  .00018454  00000+0  82590-3 0  9991
2 46279  97.4060 181.1928 0002246 245.1987 114.9016 15.21330090145350
1 46279U 20061H   23113.66292090  .00020403  00000+0  91178-3 0  9998
2 46279  97.4058 181.8397 0002187 241.6696 118.4319 15.21358874145452
1 46279U 20061H   23114.18909831  .00080033  00000+0  35320-2 0  9995
2 46279  97.4057 182.3577 0002193 238.1532 121.9490 15.21426326145530
1 46279U 20061H   23115.17563920  .00020212  00000+0  90068-3 0  9994
2 46279  97.4055 183.3285 0002247 232.4823 127.6209 15.21458617145680
1 46279U 20061H   23116.09639059  .00015833  00000+0  70608-3 0  9994
2 46279  97.4055 184.2345 0002353 229.0465 131.0567 15.21484427145829
1 46279U 20061H   23116.42522680  .00013882  00000+0  61949-3 0  9992
2 46279  97.4054 184.5579 0002439 227.5408 132.5622 15.21491269145870
1 46279U 20061H   23116.62252785  .00014019  00000+0  62544-3 0  9995
2 46279  97.4053 184.7521 0002473 226.4413 133.6618 15.21496936145907
1 46279U 20061H   23117.14865958  .00016659  00000+0  74203-3 0  9992
2 46279  97.4055 185.2701 0002492 225.4779 134.6253 15.21514025145984
1 46279U 20061H   23118.46396123  .00016173  00000+0  71956-3 0  9994
2 46279  97.4057 186.5641 0002575 219.8488 140.2559 15.21558804146187
1 46279U 20061H   23119.18735920  .00016188  00000+0  71967-3 0  9994
2 46279  97.4060 187.2763 0002605 215.0237 145.0828 15.21585991146299
1 46279U 20061H   23119.71345981  .00016968  00000+0  75371-3 0  9996
2 46279  97.4060 187.7942 0002649 212.5660 147.5413 15.21604846146370
1 46279U 20061H   23120.17379292  .00015596  00000+0  69286-3 0  9994
2 46279  97.4060 188.2472 0002696 210.4652 149.6428 15.21618882146446
1 46279U 20061H   23120.76564366  .00014643  00000+0  65045-3 0  9998
2 46279  97.4058 188.8298 0002792 208.9192 151.1890 15.21636085146539
1 46279U 20061H   23121.16020737  .00014027  00000+0  62308-3 0  9997
2 46279  97.4058 189.2181 0002806 207.3089 152.7999 15.21647077146595
1 46279U 20061H   23121.75204789  .00013891  00000+0  61678-3 0  9990
2 46279  97.4056 189.8005 0002862 205.7199 154.3895 15.21662448146682
1 46279U 20061H   23122.14660350  .00016319  00000+0  72350-3 0  9991
2 46279  97.4055 190.1884 0002900 206.2678 153.8412 15.21677549146746
1 46279U 20061H   23122.73842896  .00018812  00000+0  83269-3 0  9994
2 46279  97.4056 190.7710 0003018 203.5691 156.5407 15.21702444146834
1 46279U 20061H   23123.13297483  .00018413  00000+0  81476-3 0  9990
2 46279  97.4058 191.1594 0003055 201.7482 158.3625 15.21717153146891
1 46279U 20061H   23123.72478637  .00016654  00000+0  73697-3 0  9998
2 46279  97.4058 191.7419 0003128 199.4044 160.7073 15.21737427146981
1 46279U 20061H   23124.18507915  .00016509  00000+0  73023-3 0  9993
2 46279  97.4056 192.1949 0003113 196.2810 163.8326 15.21753577147050
1 46279U 20061H   23124.44810159  .00016266  00000+0  71937-3 0  9991
2 46279  97.4056 192.4539 0003120 195.3238 164.7904 15.21761452147097
1 46279U 20061H   23124.71112229  .00017243  00000+0  76207-3 0  9995
2 46279  97.4055 192.7128 0003161 194.8580 165.2564 15.21771849147136
1 46279U 20061H   23125.76318814  .00017215  00000+0  75999-3 0  9995
2 46279  97.4050 193.7484 0003266 191.8778 168.2382 15.21809615147290
1 46279U 20061H   23126.15770604  .00019453  00000+0  85773-3 0  9995
2 46279  97.4047 194.1366 0003312 191.1320 168.9843 15.21826581147355
1 46279U 20061H   23127.14398044  .00021956  00000+0  96610-3 0  9992
2 46279  97.4044 195.1079 0003432 190.7931 169.3232 15.21871875147500
1 46279U 20061H   23127.73572952  .00023962  00000+0  10528-2 0  9991
2 46279  97.4042 195.6904 0003517 188.2252 171.8927 15.21903686147596
1 46279U 20061H   23128.45896237  .00025816  00000+0  11325-2 0  9992
2 46279  97.4042 196.4024 0003533 185.9180 174.2015 15.21941100147701
1 46279U 20061H   23128.72195231  .00025165  00000+0  11037-2 0  9995
2 46279  97.4036 196.6614 0003562 184.5645 175.5559 15.21953704147748
1 46279U 20061H   23129.18218050  .00026233  00000+0  11496-2 0  9997
2 46279  97.4038 197.1149 0003568 182.4143 177.7077 15.21973157147816
1 46279U 20061H   23130.49708690  .00023454  00000+0  10270-2 0  9998
2 46279  97.4038 198.4096 0003698 178.9017 181.2228 15.22023482148014
1 46279U 20061H   23130.76006231  .00025057  00000+0  10963-2 0  9990
2 46279  97.4038 198.6688 0003726 178.7535 181.3711 15.22036780148055
1 46279U 20061H   23131.15452109  .00020223  00000+0  88556-3 0  9997
2 46279  97.4037 199.0574 0003724 178.9230 181.2015 15.22051961148116
1 46279U 20061H   23131.68045870  .00021976  00000+0  96109-3 0  9997
2 46279  97.4038 199.5747 0003649 176.6090 183.5172 15.22079699148194
1 46279U 20061H   23131.94342390  .00025036  00000+0  10936-2 0  9997
2 46279  97.4039 199.8340 0003685 176.0131 184.1135 15.22093617148234
1 46279U 20061H   23132.40360702  .00022443  00000+0  98034-3 0  9991
2 46279  97.4041 200.2871 0003749 175.4675 184.6596 15.22116001148307
1 46279U 20061H   23132.73230631  .00024904  00000+0  10866-2 0  9994
2 46279  97.4043 200.6109 0003773 174.5575 185.5703 15.22132386148352
1 46279U 20061H   23133.12674119  .00027129  00000+0  11824-2 0  9998
2 46279  97.4044 200.9997 0003742 172.3577 187.7717 15.22151162148414
1 46279U 20061H   23133.91559879  .00019198  00000+0  83789-3 0  9997
2 46279  97.4042 201.7764 0003873 170.7331 189.3977 15.22176297148533
1 46279U 20061H   23134.17854813  .00020899  00000+0  91134-3 0  9995
2 46279  97.4044 202.0354 0003867 169.1066 191.0255 15.22188143148570
1 46279U 20061H   23134.77017776  .00015897  00000+0  69407-3 0  9990
2 46279  97.4043 202.6180 0003940 167.9406 192.1926 15.22205179148664
1 46279U 20061H   23135.42753439  .00015854  00000+0  69173-3 0  9999
2 46279  97.4044 203.2652 0003976 166.7613 193.3729 15.22228411148761
1 46279U 20061H   23135.69047465  .00015263  00000+0  66593-3 0  9990
2 46279  97.4044 203.5242 0003996 166.4515 193.6830 15.22236684148801
1 46279U 20061H   23136.41355273  .00017149  00000+0  74711-3 0  9996
2 46279  97.4044 204.2364 0004020 164.5436 195.5924 15.22261863148918
1 46279U 20061H   23137.00515465  .00014651  00000+0  63865-3 0  9996
2 46279  97.4045 204.8191 0004066 163.2632 196.8739 15.22277108149005
1 46279U 20061H   23137.92540995  .00013313  00000+0  58022-3 0  9996
2 46279  97.4045 205.7255 0004132 160.3928 199.7468 15.22303846149141
1 46279U 20061H   23138.12260554  .00013237  00000+0  57685-3 0  9998
2 46279  97.4046 205.9198 0004151 159.8266 200.3135 15.22309659149170
1 46279U 20061H   23138.18833718  .00012678  00000+0  55261-3 0  9998
2 46279  97.4045 205.9845 0004153 159.5525 200.5878 15.22311076149188
1 46279U 20061H   23138.91138109  .00012503  00000+0  54476-3 0  9995
2 46279  97.4044 206.6968 0004200 157.5798 202.5623 15.22330126149293
1 46279U 20061H   23139.17430398  .00012006  00000+0  52316-3 0  9998
2 46279  97.4043 206.9558 0004217 156.7876 203.3552 15.22336804149330
1 46279U 20061H   23140.16025324  .00017997  00000+0  78129-3 0  9992
2 46279  97.4038 207.9270 0004257 154.3070 205.8379 15.22370481149489
1 46279U 20061H   23140.75181061  .00022235  00000+0  96325-3 0  9997
2 46279  97.4036 208.5098 0004271 153.2044 206.9414 15.22396954149572
1 46279U 20061H   23141.14617666  .00021033  00000+0  91107-3 0  9994
2 46279  97.4035 208.8983 0004290 152.5233 207.6231 15.22412614149634
1 46279U 20061H   23141.67199148  .00018535  00000+0  80303-3 0  9991
2 46279  97.4034 209.4162 0004284 151.0474 209.1000 15.22432515149715
1 46279U 20061H   23141.73771767  .00019557  00000+0  84692-3 0  9991
2 46279  97.4034 209.4810 0004287 150.8262 209.3215 15.22436586149723
1 46279U 20061H   23142.46069962  .00023560  00000+0  10181-2 0  9999
2 46279  97.4035 210.1935 0004339 148.6582 211.4914 15.22470029149831
1 46279U 20061H   23142.65787464  .00019688  00000+0  85166-3 0  9996
2 46279  97.4035 210.3877 0004362 148.4015 211.7484 15.22473256149866
1 46279U 20061H   23143.11794517  .00019028  00000+0  82285-3 0  9992
2 46279  97.4035 210.8411 0004405 147.0306 213.1206 15.22490438149938
1 46279U 20061H   23143.77518022  .00015976  00000+0  69120-3 0  9990
2 46279  97.4032 211.4886 0004445 145.2240 214.9288 15.22510923150033
1 46279U 20061H   23144.16951652  .00017287  00000+0  74721-3 0  9994
2 46279  97.4030 211.8771 0004463 144.0393 216.1144 15.22526435150090
1 46279U 20061H   23144.62957197  .00015682  00000+0  67802-3 0  9994
2 46279  97.4028 212.3305 0004472 143.3663 216.7880 15.22538786150161
1 46279U 20061H   23146.14115056  .00016132  00000+0  69631-3 0  9996
2 46279  97.4028 213.8194 0004399 139.3044 220.8522 15.22588484150393
1 46279U 20061H   23146.73262347  .00016221  00000+0  69972-3 0  9994
2 46279  97.4027 214.4023 0004450 137.4213 222.7369 15.22609625150486
1 46279U 20061H   23147.19265293  .00014341  00000+0  61885-3 0  9994
2 46279  97.4028 214.8558 0004575 137.2766 222.8827 15.22622717150558
1 46279U 20061H   23147.91554984  .00012961  00000+0  55941-3 0  9994
2 46279  97.4031 215.5685 0004581 135.5884 224.5721 15.22640548150666
1 46279U 20061H   23148.17841909  .00014208  00000+0  61267-3 0  9993
2 46279  97.4031 215.8275 0004597 134.8298 225.3313 15.22649351150704
1 46279U 20061H   23148.76986990  .00016069  00000+0  69201-3 0  9991
2 46279  97.4031 216.4103 0004616 133.4640 226.6981 15.22667922150797
1 46279U 20061H   23148.90130244  .00015623  00000+0  67283-3 0  9993
2 46279  97.4032 216.5398 0004623 133.2268 226.9355 15.22671197150817
1 46279U 20061H   23149.49274488  .00014126  00000+0  60851-3 0  9998
2 46279  97.4032 217.1227 0004610 132.1820 227.9809 15.22686854150904
1 46279U 20061H   23149.75560610  .00014368  00000+0  61871-3 0  9993
2 46279  97.4033 217.3817 0004600 131.2322 228.9311 15.22695160150941
1 46279U 20061H   23150.14989552  .00013792  00000+0  59387-3 0  9997
2 46279  97.4034 217.7702 0004600 130.3020 229.8619 15.22705909151006
1 46279U 20061H   23150.67561019  .00014806  00000+0  63696-3 0  9994
2 46279  97.4034 218.2882 0004583 129.2888 230.8755 15.22721775151080
1 46279U 20061H   23151.13560578  .00015937  00000+0  68494-3 0  9992
2 46279  97.4037 218.7417 0004537 128.0080 232.1567 15.22737078151159
1 46279U 20061H   23151.72702089  .00017415  00000+0  74756-3 0  9993
2 46279  97.4038 219.3245 0004575 126.8729 233.2927 15.22759331151242
1 46279U 20061H   23152.18700541  .00017971  00000+0  77091-3 0  9997
2 46279  97.4040 219.7780 0004598 124.9302 235.2367 15.22775973151312
1 46279U 20061H   23153.10695746  .00018069  00000+0  77426-3 0  9991
2 46279  97.4038 220.6846 0004664 122.8789 237.2897 15.22810904151452
1 46279U 20061H   23153.17266766  .00016197  00000+0  69452-3 0  9994
2 46279  97.4037 220.7493 0004664 122.7500 237.4186 15.22811185151466
1 46279U 20061H   23153.76405448  .00016762  00000+0  71815-3 0  9995
2 46279  97.4034 221.3322 0004683 121.6949 238.4744 15.22832089151554
1 46279U 20061H   23154.15830834  .00016901  00000+0  72380-3 0  9993
2 46279  97.4035 221.7208 0004670 120.8662 239.3035 15.22845267151613
1 46279U 20061H   23154.42114268  .00015839  00000+0  67848-3 0  9991
2 46279  97.4032 221.9797 0004640 120.0609 240.1088 15.22851581151653
1 46279U 20061H   23154.74968413  .00015305  00000+0  65559-3 0  9990
2 46279  97.4033 222.3036 0004613 119.0892 241.0807 15.22860424151708
1 46279U 20061H   23155.14393040  .00015648  00000+0  66994-3 0  9997
2 46279  97.4033 222.6923 0004601 118.9434 241.2264 15.22872801151760
1 46279U 20061H   23155.73529435  .00016534  00000+0  70723-3 0  9991
2 46279  97.4031 223.2754 0004620 117.2539 242.9169 15.22891716151854
1 46279U 20061H   23156.12953218  .00017066  00000+0  72951-3 0  9991
2 46279  97.4031 223.6640 0004598 116.8357 243.3350 15.22905777151916
1 46279U 20061H   23156.72088219  .00016438  00000+0  70241-3 0  9999
2 46279  97.4029 224.2471 0004626 115.1258 245.0459 15.22926264152000
1 46279U 20061H   23157.11511091  .00017354  00000+0  74096-3 0  9992
2 46279  97.4028 224.6359 0004632 113.9140 246.2582 15.22941619152068
1 46279U 20061H   23157.18081532  .00017316  00000+0  73929-3 0  9993
2 46279  97.4028 224.7007 0004630 113.7262 246.4460 15.22944032152070
1 46279U 20061H   23157.77215041  .00017904  00000+0  76374-3 0  9992
2 46279  97.4023 225.2837 0004623 112.2242 247.9485 15.22966003152161
1 46279U 20061H   23158.42918004  .00016466  00000+0  70235-3 0  9996
2 46279  97.4020 225.9314 0004602 110.7222 249.4508 15.22987352152267
1 46279U 20061H   23158.75769152  .00016956  00000+0  72285-3 0  9991
2 46279  97.4020 226.2554 0004559 110.0298 250.1430 15.22998986152318
1 46279U 20061H   23159.41470677  .00018335  00000+0  78075-3 0  9992
2 46279  97.4020 226.9031 0004510 108.5947 251.5780 15.23022484152411
1 46279U 20061H   23159.74321056  .00019277  00000+0  82028-3 0  9993
2 46279  97.4020 227.2271 0004485 107.8288 252.3439 15.23035456152460
1 46279U 20061H   23160.46591071  .00017369  00000+0  73908-3 0  9997
2 46279  97.4021 227.9397 0004485 106.0522 254.1209 15.23058291152578
1 46279U 20061H   23160.66300842  .00017465  00000+0  74298-3 0  9993
2 46279  97.4023 228.1340 0004480 104.9989 255.1743 15.23066204152601
1 46279U 20061H   23160.99150251  .00017541  00000+0  74592-3 0  9998
2 46279  97.4024 228.4581 0004438 104.4462 255.7268 15.23078035152654
1 46279U 20061H   23161.18859767  .00017651  00000+0  75038-3 0  9996
2 46279  97.4025 228.6525 0004438 103.9532 256.2199 15.23085802152689
1 46279U 20061H   23161.91127276  .00017523  00000+0  74443-3 0  9997
2 46279  97.4026 229.3650 0004439 102.3721 257.8013 15.23111080152793
1 46279U 20061H   23162.43684680  .00018600  00000+0  78945-3 0  9990
2 46279  97.4026 229.8833 0004420 101.1389 259.0344 15.23130837152879
1 46279U 20061H   23162.76532720  .00019264  00000+0  81714-3 0  9998
2 46279  97.4026 230.2072 0004401 100.3822 259.7911 15.23143797152924
1 46279U 20061H   23163.09380491  .00017517  00000+0  74323-3 0  9998
2 46279  97.4026 230.5311 0004390  99.7373 260.4360 15.23154146152974
1 46279U 20061H   23163.15950018  .00017371  00000+0  73705-3 0  9994
2 46279  97.4026 230.5958 0004389  99.4843 260.6890 15.23156513152989
1 46279U 20061H   23164.14491669  .00017682  00000+0  74936-3 0  9998
2 46279  97.4027 231.5674 0004279  97.2875 262.8848 15.23192361153131
1 46279U 20061H   23164.40769054  .00018019  00000+0  76333-3 0  9991
2 46279  97.4027 231.8266 0004296  96.2720 263.9006 15.23201830153172
1 46279U 20061H   23164.93323330  .00018500  00000+0  78312-3 0  9996
2 46279  97.4030 232.3448 0004270  95.3053 264.8672 15.23221497153254
1 46279U 20061H   23165.13031028  .00016956  00000+0  71804-3 0  9991
2 46279  97.4030 232.5390 0004298  94.9650 265.2078 15.23227156153286
1 46279U 20061H   23166.11568107  .00016149  00000+0  68339-3 0  9996
2 46279  97.4032 233.5108 0004316  92.3029 267.8702 15.23261603153433
1 46279U 20061H   23166.18137157  .00015626  00000+0  66136-3 0  9992
2 46279  97.4033 233.5757 0004319  92.2013 267.9718 15.23263520153448
1 46279U 20061H   23166.70689310  .00016766  00000+0  70890-3 0  9991
2 46279  97.4031 234.0940 0004297  90.9689 269.2040 15.23282289153520
1 46279U 20061H   23167.42947230  .00023696  00000+0  99872-3 0  9990
2 46279  97.4029 234.8066 0004239  89.1019 271.0704 15.23318180153637
1 46279U 20061H   23167.49516031  .00024386  00000+0  10275-2 0  9994
2 46279  97.4030 234.8714 0004208  89.2413 270.9306 15.23321989153642
1 46279U 20061H   23167.75791158  .00023112  00000+0  97385-3 0  9992
2 46279  97.4029 235.1305 0004165  88.8043 271.3671 15.23333192153689
1 46279U 20061H   23168.15203473  .00018737  00000+0  79013-3 0  9990
2 46279  97.4028 235.5194 0004106  87.4979 272.6728 15.23349460153745
1 46279U 20061H   23168.67752578  .00018304  00000+0  77149-3 0  9990
2 46279  97.4028 236.0375 0004055  86.7633 273.4068 15.23371479153824
1 46279U 20061H   23168.74321163  .00018386  00000+0  77485-3 0  9993
2 46279  97.4028 236.1023 0004047  86.6822 273.4878 15.23373942153832
1 46279U 20061H   23169.46574986  .00017945  00000+0  75580-3 0  9990
2 46279  97.4027 236.8151 0004049  84.3915 275.7784 15.23400143153947
1 46279U 20061H   23170.45100779  .00018493  00000+0  77787-3 0  9996
2 46279  97.4025 237.7871 0004047  81.6299 278.5397 15.23438651154090
1 46279U 20061H   23170.77942203  .00018762  00000+0  78884-3 0  9995
2 46279  97.4026 238.1112 0003995  80.9213 279.2476 15.23450772154143
1 46279U 20061H   23171.43624182  .00018992  00000+0  79784-3 0  9997
2 46279  97.4023 238.7595 0003957  79.7164 280.4519 15.23475735154249
1 46279U 20061H   23171.63328588  .00018362  00000+0  77138-3 0  9992
2 46279  97.4021 238.9539 0003930  79.2053 280.9626 15.23482467154277
1 46279U 20061H   23172.15873185  .00018461  00000+0  77507-3 0  9998
2 46279  97.4020 239.4723 0003896  78.1343 282.0331 15.23502319154352
1 46279U 20061H   23172.74985123  .00017899  00000+0  75118-3 0  9999
2 46279  97.4020 240.0556 0003815  76.5803 283.5859 15.23522103154442
1 46279U 20061H   23173.93206403  .00020910  00000+0  87549-3 0  9997
2 46279  97.4018 241.2222 0003779  73.2408 286.9244 15.23569308154629
1 46279U 20061H   23175.17991411  .00019199  00000+0  80309-3 0  9999
2 46279  97.4019 242.4533 0003678  70.6867 289.4768 15.23619261154810
1 46279U 20061H   23176.49339508  .00020056  00000+0  83739-3 0  9992
2 46279  97.4017 243.7493 0003521  67.6722 292.4888 15.23673825155016
1 46279U 20061H   23177.67548992  .00018119  00000+0  75598-3 0  9993
2 46279  97.4019 244.9158 0003407  64.3349 295.8240 15.23719233155193
1 46279U 20061H   23178.72621235  .00017495  00000+0  72930-3 0  9995
2 46279  97.4021 245.9525 0003428  60.2593 299.8985 15.23756958155357
1 46279U 20061H   23180.17091617  .00014594  00000+0  60830-3 0  9995
2 46279  97.4022 247.3785 0003313  58.3088 301.8471 15.23801710155577
1 46279U 20061H   23181.41857912  .00015998  00000+0  66556-3 0  9991
2 46279  97.4021 248.6098 0003197  54.6518 305.5017 15.23843677155760
1 46279U 20061H   23182.73187206  .00014237  00000+0  59204-3 0  9996
2 46279  97.4025 249.9061 0003036  50.4312 309.7193 15.23884994155966
1 46279U 20061H   23183.91380784  .00014433  00000+0  59953-3 0  9992
2 46279  97.4025 251.0730 0002952  47.7669 312.3819 15.23919094156149
1 46279U 20061H   23185.09571480  .00014203  00000+0  58944-3 0  9992
2 46279  97.4020 252.2398 0002815  44.2926 315.8536 15.23955894156325
1 46279U 20061H   23186.14627583  .00015210  00000+0  63031-3 0  9997
2 46279  97.4017 253.2770 0002686  40.6499 319.4938 15.23988217156485
1 46279U 20061H   23187.45944887  .00015176  00000+0  62826-3 0  9993
2 46279  97.4014 254.5738 0002564  36.7314 323.4099 15.24024872156681
1 46279U 20061H   23188.70692969  .00018607  00000+0  76828-3 0  9992
2 46279  97.4010 255.8056 0002484  34.0374 326.1022 15.24069419156875
1 46279U 20061H   23190.15133682  .00015648  00000+0  64591-3 0  9992
2 46279  97.4010 257.2317 0002299  27.6638 332.4721 15.24116060157092
1 46279U 20061H   23191.46439789  .00015492  00000+0  63878-3 0  9998
2 46279  97.4012 258.5282 0002186  22.6256 337.5078 15.24155382157298
1 46279U 20061H   23192.97437233  .00017150  00000+0  70558-3 0  9993
2 46279  97.4016 260.0190 0002020  18.1827 341.9483 15.24207609157524
1 46279U 20061H   23194.61558767  .00017592  00000+0  72236-3 0  9997
2 46279  97.4017 261.6392 0001811  11.1855 348.9423 15.24267574157772
1 46279U 20061H   23195.73157668  .00021647  00000+0  88652-3 0  9991
2 46279  97.4017 262.7415 0001733   4.5637 355.5616 15.24313924157945
1 46279U 20061H   23197.11010235  .00017491  00000+0  71607-3 0  9997
2 46279  97.4020 264.1033 0001708 359.8308   0.2928 15.24369626158158
1 46279U 20061H   23198.42293939  .00022982  00000+0  93780-3 0  9993
2 46279  97.4014 265.4000 0001549 349.2564  10.8640 15.24422987158359
1 46279U 20061H   23200.12955259  .00021403  00000+0  87172-3 0  9999
2 46279  97.4010 267.0861 0001437 341.0348  19.0836 15.24501761158619
1 46279U 20061H   23200.72028416  .00018299  00000+0  74555-3 0  9991
2 46279  97.4009 267.6696 0001323 336.2057  23.9120 15.24522999158702
1 46279U 20061H   23201.96735569  .00023388  00000+0  95008-3 0  9993
2 46279  97.4003 268.9019 0001286 326.6542  33.4614 15.24572377158898
1 46279U 20061H   23204.92078132  .00019084  00000+0  77347-3 0  9992
2 46279  97.4001 271.8201 0001240 306.8404  53.2720 15.24691724159346
1 46279U 20061H   23206.16771241  .00019521  00000+0  78983-3 0  9994
2 46279  97.4000 273.0523 0001284 297.5162  62.5945 15.24743716159533
1 46279U 20061H   23207.41460388  .00024233  00000+0  97760-3 0  9990
2 46279  97.4001 274.2842 0001342 287.4293  72.6798 15.24797258159728
1 46279U 20061H   23207.93959656  .00024743  00000+0  99732-3 0  9995
2 46279  97.4004 274.8030 0001361 284.2765  75.8321 15.24822190159806
1 46279U 20061H   23208.92393503  .00020439  00000+0  82377-3 0  9993
2 46279  97.4007 275.7757 0001327 276.9261  83.1826 15.24864115159957
1 46279U 20061H   23209.18642064  .00018072  00000+0  72871-3 0  9999
2 46279  97.4008 276.0351 0001333 276.1847  83.9239 15.24874771159990
1 46279U 20061H   23210.10510793  .00017274  00000+0  69606-3 0  9991
2 46279  97.4009 276.9428 0001411 268.7100  91.3976 15.24907748160131
1 46279U 20061H   23211.15500921  .00019181  00000+0  77135-3 0  9994
2 46279  97.4007 277.9805 0001458 261.1707  98.9366 15.24951557160290
1 46279U 20061H   23212.46734212  .00023990  00000+0  96168-3 0  9991
2 46279  97.4008 279.2777 0001605 252.7601 107.3462 15.25012728160490
1 46279U 20061H   23213.71401236  .00021202  00000+0  84924-3 0  9998
2 46279  97.4005 280.5102 0001666 244.4024 115.7042 15.25065245160688
1 46279U 20061H   23214.76380496  .00022806  00000+0  91173-3 0  9993
2 46279  97.3997 281.5484 0001767 239.1373 120.9691 15.25113473160844
1 46279U 20061H   23216.14160632  .00024127  00000+0  96239-3 0  9991
2 46279  97.3990 282.9110 0001859 234.1920 125.9145 15.25177649161051
1 46279U 20061H   23217.71616580  .00024374  00000+0  96988-3 0  9998
2 46279  97.3987 284.4678 0002009 224.5217 135.5860 15.25256618161294
1 46279U 20061H   23219.09383844  .00018893  00000+0  75164-3 0  9997
2 46279  97.3986 285.8299 0002153 222.0621 138.0452 15.25315075161501
1 46279U 20061H   23220.40586122  .00027957  00000+0  11075-2 0  9999
2 46279  97.3986 287.1270 0002260 217.2330 142.8751 15.25377014161705
1 46279U 20061H   23220.93065621  .00025008  00000+0  99075-3 0  9995
2 46279  97.3988 287.6461 0002256 214.6788 145.4303 15.25397986161787
1 46279U 20061H   23221.98022232  .00021831  00000+0  86449-3 0  9993
2 46279  97.3991 288.6838 0002355 209.7475 150.3629 15.25440318161940
1 46279U 20061H   23223.16094709  .00018802  00000+0  74415-3 0  9997
2 46279  97.3992 289.8514 0002526 207.7930 152.3174 15.25489870162123
1 46279U 20061H   23223.75129392  .00023266  00000+0  91870-3 0  9993
2 46279  97.3991 290.4342 0002806 213.4799 146.6262 15.25521269162210
1 46279U 20061H   23224.14485641  .00020770  00000+0  82050-3 0  9996
2 46279  97.3992 290.8245 0002625 205.4018 154.7091 15.25530769162272
1 46279U 20061H   23225.71905516  .00020032  00000+0  78991-3 0  9998
2 46279  97.3995 292.3811 0002763 197.4713 162.6430 15.25598612162519
1 46279U 20061H   23227.09642480  .00020618  00000+0  81156-3 0  9996
2 46279  97.3989 293.7448 0002892 196.0320 164.0827 15.25651792162723
1 46279U 20061H   23228.40816052  .00021561  00000+0  84711-3 0  9998
2 46279  97.3985 295.0424 0002999 192.1355 167.9811 15.25705358162926
1 46279U 20061H   23230.17892220  .00021064  00000+0  82563-3 0  9997
2 46279  97.3979 296.7943 0003072 185.2647 174.8559 15.25788738163192
1 46279U 20061H   23231.16263637  .00022560  00000+0  88261-3 0  9994
2 46279  97.3974 297.7677 0003160 183.4725 176.6492 15.25836194163340
1 46279U 20061H   23232.40863348  .00024256  00000+0  94694-3 0  9998
2 46279  97.3971 299.0003 0003267 181.1741 178.9490 15.25892375163533
1 46279U 20061H   23233.72016013  .00021566  00000+0  84107-3 0  9992
2 46279  97.3971 300.2981 0003418 176.4789 183.6474 15.25950628163733
1 46279U 20061H   23235.16278228  .00020153  00000+0  78484-3 0  9992
2 46279  97.3967 301.7253 0003454 172.4731 187.6560 15.26011180163955
1 46279U 20061H   23236.60535040  .00021035  00000+0  81755-3 0  9995
2 46279  97.3967 303.1523 0003508 170.1442 189.9866 15.26068902164178
1 46279U 20061H   23237.52331786  .00019618  00000+0  76190-3 0  9999
2 46279  97.3971 304.0608 0003616 166.7472 193.3862 15.26108411164312
1 46279U 20061H   23237.72002185  .00020327  00000+0  78903-3 0  9992
2 46279  97.3971 304.2556 0003660 166.3662 193.7676 15.26118242164345
1 46279U 20061H   23237.91672473  .00021772  00000+0  84455-3 0  9990
2 46279  97.3971 304.4504 0003652 165.9183 194.2158 15.26126987164373
1 46279U 20061H   23238.57239348  .00021953  00000+0  85079-3 0  9997
2 46279  97.3972 305.0991 0003690 165.0306 195.1043 15.26156067164477
1 46279U 20061H   23238.76909174  .00022222  00000+0  86090-3 0  9993
2 46279  97.3972 305.2938 0003704 164.5860 195.5492 15.26164583164503
1 46279U 20061H   23238.90022340  .00021749  00000+0  84258-3 0  9997
2 46279  97.3972 305.4237 0003701 163.9065 196.2291 15.26169075164522
1 46279U 20061H   23239.49030985  .00023124  00000+0  89484-3 0  9991
2 46279  97.3972 306.0075 0003730 163.0123 197.1241 15.26194959164611
1 46279U 20061H   23239.88369552  .00021445  00000+0  82985-3 0  9992
2 46279  97.3972 306.3971 0003736 161.7506 198.3867 15.26210196164670
1 46279U 20061H   23240.14595019  .00022224  00000+0  85951-3 0  9994
2 46279  97.3972 306.6567 0003720 161.1569 198.9807 15.26222387164710
1 46279U 20061H   23240.67045279  .00021146  00000+0  81745-3 0  9999
2 46279  97.3972 307.1755 0003803 159.7462 200.3928 15.26246573164795
1 46279U 20061H   23241.71943531  .00019343  00000+0  74718-3 0  9991
2 46279  97.3973 308.2143 0003903 156.5323 203.6095 15.26290615164956
1 46279U 20061H   23242.70282937  .00018609  00000+0  71817-3 0  9998
2 46279  97.3968 309.1880 0003938 154.4450 205.6984 15.26329760165105
1 46279U 20061H   23243.88286947  .00020973  00000+0  80763-3 0  9990
2 46279  97.3962 310.3566 0003952 151.7620 208.3833 15.26376652165283
1 46279U 20061H   23244.60398616  .00023176  00000+0  89105-3 0  9995
2 46279  97.3958 311.0704 0003998 150.0591 210.0877 15.26409575165390
1 46279U 20061H   23245.12842466  .00023502  00000+0  90280-3 0  9999
2 46279  97.3956 311.5899 0003993 148.0628 212.0854 15.26434731165479
1 46279U 20061H   23245.45619429  .00022632  00000+0  86920-3 0  9995
2 46279  97.3956 311.9142 0004041 147.4476 212.7012 15.26449751165520
1 46279U 20061H   23245.91506436  .00044086  00000+0  16836-2 0  9994
2 46279  97.3953 312.3685 0004051 146.2068 213.9429 15.26491179165592
1 46279U 20061H   23245.98061620  .00043330  00000+0  16547-2 0  9992
2 46279  97.3951 312.4335 0004043 145.9279 214.2220 15.26495690165601
1 46279U 20061H   23246.43947940  .00028298  00000+0  10834-2 0  9990
2 46279  97.3950 312.8875 0004096 145.3344 214.8162 15.26507763165671
1 46279U 20061H   23247.16053489  .00022045  00000+0  84455-3 0  9992
2 46279  97.3947 313.6016 0004070 143.5685 216.5831 15.26538286165781
1 46279U 20061H   23248.14377049  .00019468  00000+0  74556-3 0  9998
2 46279  97.3947 314.5750 0004064 141.4773 218.6757 15.26575559165935
1 46279U 20061H   23249.12698059  .00023755  00000+0  90741-3 0  9992
2 46279  97.3949 315.5484 0004107 138.5930 221.5621 15.26619215166080
1 46279U 20061H   23249.91352904  .00025639  00000+0  97788-3 0  9996
2 46279  97.3949 316.3270 0004175 136.6350 223.5218 15.26653888166204
1 46279U 20061H   23250.11016330  .00026224  00000+0  99978-3 0  9994
2 46279  97.3948 316.5217 0004159 136.0465 224.1105 15.26663391166234
1 46279U 20061H   23250.63451614  .00024715  00000+0  94197-3 0  9990
2 46279  97.3949 317.0405 0004176 135.4893 224.6681 15.26685596166311
1 46279U 20061H   23251.15886102  .00024289  00000+0  92519-3 0  9994
2 46279  97.3949 317.5598 0004121 133.6364 226.5217 15.26707657166399
1 46279U 20061H   23251.74874041  .00021906  00000+0  83438-3 0  9991
2 46279  97.3950 318.1438 0004166 132.9717 227.1872 15.26730392166480
1 46279U 20061H   23252.40414937  .00023528  00000+0  89496-3 0  9991
2 46279  97.3951 318.7929 0004153 131.1126 229.0472 15.26761490166584
1 46279U 20061H   23252.92846723  .00027849  00000+0  10573-2 0  9999
2 46279  97.3951 319.3124 0004196 129.4952 230.6658 15.26789097166668
1 46279U 20061H   23253.19062270  .00023510  00000+0  89322-3 0  9996
2 46279  97.3951 319.5719 0004189 128.6707 231.4907 15.26800063166709
1 46279U 20061H   23254.10815062  .00025320  00000+0  96030-3 0  9998
2 46279  97.3952 320.4808 0004196 126.3696 233.7931 15.26843519166840
1 46279U 20061H   23254.43583293  .00023107  00000+0  87648-3 0  9998
2 46279  97.3951 320.8052 0004205 126.1002 234.0627 15.26857044166893
1 46279U 20061H   23255.41885898  .00026449  00000+0  10009-2 0  9991
2 46279  97.3950 321.7789 0004159 124.0849 236.0786 15.26907676167046
1 46279U 20061H   23255.74652705  .00028301  00000+0  10699-2 0  9990
2 46279  97.3950 322.1036 0004164 123.2345 236.9293 15.26926652167096
1 46279U 20061H   23255.94312471  .00041426  00000+0  15610-2 0  9996
2 46279  97.3951 322.2972 0004001 118.0063 242.1581 15.26950800167121
1 46279U 20061H   23256.66396635  .00034959  00000+0  13168-2 0  9999
2 46279  97.3946 323.0121 0004115 120.4154 239.7492 15.27001969167233
1 46279U 20061H   23257.12267221  .00030664  00000+0  11551-2 0  9992
2 46279  97.3946 323.4669 0004183 119.4409 240.7247 15.27028723167305
1 46279U 20061H   23257.18820088  .00030917  00000+0  11644-2 0  9998
2 46279  97.3945 323.5316 0004187 119.1817 240.9842 15.27033503167314
1 46279U 20061H   23258.17111533  .00029133  00000+0  10957-2 0  9990
2 46279  97.3943 324.5063 0004449 114.0729 246.0976 15.27090444167467
1 46279U 20061H   23258.69532332  .00021934  00000+0  82607-3 0  9994
2 46279  97.3947 325.0253 0004142 112.5552 247.6126 15.27105610167540
1 46279U 20061H   23259.15399731  .00028591  00000+0  10741-2 0  9995
2 46279  97.3942 325.4800 0004085 113.2957 246.8712 15.27133331167611
1 46279U 20061H   23260.13684856  .00032782  00000+0  12286-2 0  9993
2 46279  97.3934 326.4542 0004081 111.8223 248.3451 15.27183641167764
1 46279U 20061H   23260.72654237  .00042744  00000+0  15970-2 0  9990
2 46279  97.3932 327.0382 0004134 110.7486 249.4196 15.27224343167852
1 46279U 20061H   23261.11966506  .00039194  00000+0  14645-2 0  9992
2 46279  97.3930 327.4279 0004137 109.3122 250.8565 15.27242425167917
1 46279U 20061H   23261.18518410  .00031521  00000+0  11795-2 0  9995
2 46279  97.3929 327.4928 0004143 109.1141 251.0547 15.27242976167927
1 46279U 20061H   23261.77485427  .00032627  00000+0  12193-2 0  9992
2 46279  97.3926 328.0766 0004113 108.1411 252.0276 15.27278863168012
1 46279U 20061H   23262.75759539  .00035574  00000+0  13253-2 0  9991
2 46279  97.3922 329.0503 0004088 105.2626 254.9065 15.27362730168165
1 46279U 20061H   23263.41272948  .00035070  00000+0  13048-2 0  9992
2 46279  97.3922 329.6993 0004007 103.9426 256.2259 15.27410216168262
1 46279U 20061H   23263.74028980  .00027658  00000+0  10301-2 0  9995
2 46279  97.3922 330.0239 0004031 103.5046 256.6643 15.27426704168318
1 46279U 20061H   23264.00233524  .00028761  00000+0  10704-2 0  9990
2 46279  97.3922 330.2837 0004030 102.8453 257.3236 15.27442269168351
1 46279U 20061H   23264.13335674  .00031604  00000+0  11751-2 0  9996
2 46279  97.3922 330.4136 0004025 102.5359 257.6331 15.27453231168373
1 46279U 20061H   23264.91947396  .00029943  00000+0  11123-2 0  9998
2 46279  97.3923 331.1926 0004039 100.1567 260.0128 15.27495686168494
1 46279U 20061H   23265.18150753  .00029293  00000+0  10878-2 0  9995
2 46279  97.3923 331.4523 0004043  99.4046 260.7651 15.27511940168532
1 46279U 20061H   23266.16410912  .00030713  00000+0  11381-2 0  9999
2 46279  97.3924 332.4261 0003962  96.6438 263.5252 15.27572520168681
1 46279U 20061H   23266.75365198  .00030697  00000+0  11363-2 0  9990
2 46279  97.3925 333.0102 0003922  95.7381 264.4305 15.27607497168777
1 46279U 20061H   23267.14667107  .00031657  00000+0  11706-2 0  9997
2 46279  97.3924 333.3997 0003871  93.7482 266.4200 15.27635736168834
1 46279U 20061H   23267.73618855  .00031637  00000+0  11685-2 0  9992
2 46279  97.3923 333.9834 0003865  92.2148 267.9534 15.27674470168929
1 46279U 20061H   23267.93269099  .00030871  00000+0  11400-2 0  9990
2 46279  97.3924 334.1785 0003824  91.1016 269.0661 15.27685863168950
1 46279U 20061H   23268.12919109  .00053656  00000+0  19715-2 0  9999
2 46279  97.3925 334.3733 0003831  90.2443 269.9235 15.27717875168986
1 46279U 20061H   23268.71867835  .00041246  00000+0  15168-2 0  9992
2 46279  97.3929 334.9579 0003837  88.5546 271.6133 15.27758000169077
1 46279U 20061H   23269.17715537  .00034806  00000+0  12802-2 0  9990
2 46279  97.3927 335.4126 0003828  87.4357 272.7321 15.27791232169140
1 46279U 20061H   23269.76660920  .00041517  00000+0  15227-2 0  9991
2 46279  97.3928 335.9974 0003819  87.7144 272.4533 15.27844233169236
1 46279U 20061H   23270.42153739  .00035576  00000+0  13044-2 0  9994
2 46279  97.3927 336.6470 0003770  84.6781 275.4889 15.27890847169333
1 46279U 20061H   23270.74899437  .00031916  00000+0  11703-2 0  9995
2 46279  97.3926 336.9716 0003739  83.2679 276.8985 15.27911597169387
1 46279U 20061H   23271.40389449  .00029397  00000+0  10772-2 0  9991
2 46279  97.3924 337.6211 0003694  82.5352 277.6307 15.27951678169485
1 46279U 20061H   23271.73133828  .00029545  00000+0  10819-2 0  9992
2 46279  97.3924 337.9461 0003681  80.7834 279.3822 15.27972793169534
1 46279U 20061H   23272.12426527  .00029423  00000+0  10767-2 0  9994
2 46279  97.3922 338.3357 0003680  79.3648 280.8005 15.27995913169592
1 46279U 20061H   23273.17203581  .00032992  00000+0  12037-2 0  9990
2 46279  97.3916 339.3751 0003639  76.1369 284.0275 15.28070650169759
1 46279U 20061H   23274.15427473  .00041734  00000+0  15167-2 0  9998
2 46279  97.3912 340.3498 0003544  74.2927 285.8703 15.28146152169902
1 46279U 20061H   23274.74359458  .00036722  00000+0  13340-2 0  9992
2 46279  97.3908 340.9342 0003495  72.8918 287.2704 15.28189269169992
1 46279U 20061H   23275.46385100  .00037358  00000+0  13547-2 0  9990
2 46279  97.3906 341.6484 0003497  71.5492 288.6128 15.28243934170100
1 46279U 20061H   23275.72575615  .00037643  00000+0  13641-2 0  9993
2 46279  97.3905 341.9081 0003505  71.1463 289.0157 15.28264524170148
1 46279U 20061H   23276.44597820  .00034054  00000+0  12330-2 0  9992
2 46279  97.3904 342.6224 0003488  69.0111 291.1502 15.28314800170253
1 46279U 20061H   23276.70787109  .00033812  00000+0  12236-2 0  9998
2 46279  97.3903 342.8822 0003457  68.2154 291.9453 15.28334156170295
1 46279U 20061H   23277.42805791  .00041035  00000+0  14803-2 0  9994
2 46279  97.3898 343.5965 0003391  65.9110 294.2484 15.28394347170408
1 46279U 20061H   23277.68993674  .00041675  00000+0  15021-2 0  9993
2 46279  97.3897 343.8563 0003361  64.7542 295.4046 15.28418271170441
1 46279U 20061H   23278.41008311  .00047553  00000+0  17088-2 0  9996
2 46279  97.3897 344.5707 0003289  62.1842 297.9730 15.28484660170557
1 46279U 20061H   23278.73741250  .00045778  00000+0  16441-2 0  9996
2 46279  97.3898 344.8955 0003272  60.5383 299.6183 15.28513101170600
1 46279U 20061H   23279.45751541  .00040973  00000+0  14701-2 0  9999
2 46279  97.3898 345.6100 0003268  58.9259 301.2301 15.28572405170715
1 46279U 20061H   23279.91574766  .00043653  00000+0  15636-2 0  9998
2 46279  97.3899 346.0648 0003268  58.0531 302.1027 15.28612933170785
1 46279U 20061H   23280.43942708  .00040820  00000+0  14609-2 0  9994
2 46279  97.3901 346.5848 0003239  57.2798 302.8753 15.28656581170869
1 46279U 20061H   23280.70126128  .00038921  00000+0  13925-2 0  9993
2 46279  97.3902 346.8446 0003216  56.3902 303.7644 15.28678046170903
1 46279U 20061H   23281.42128628  .00043891  00000+0  15660-2 0  9990
2 46279  97.3902 347.5593 0003138  53.6375 306.5154 15.28739712171019
1 46279U 20061H   23281.74856026  .00045358  00000+0  16164-2 0  9995
2 46279  97.3904 347.8843 0003116  52.3854 307.7668 15.28770674171066
1 46279U 20061H   23282.14128014  .00046203  00000+0  16444-2 0  9990
2 46279  97.3903 348.2741 0003091  50.5193 309.6320 15.28808155171124
1 46279U 20061H   23282.73034337  .00042218  00000+0  15013-2 0  9992
2 46279  97.3904 348.8589 0003077  48.7156 311.4348 15.28858707171212
1 46279U 20061H   23283.45027930  .00045327  00000+0  16075-2 0  9996
2 46279  97.3904 349.5737 0003072  46.5704 313.5791 15.28930086171323
1 46279U 20061H   23283.71206653  .00043202  00000+0  15316-2 0  9993
2 46279  97.3903 349.8336 0003049  45.9182 314.2308 15.28953576171362
1 46279U 20061H   23284.17018495  .00041666  00000+0  14758-2 0  9990
2 46279  97.3903 350.2884 0003008  43.9034 316.2444 15.28991980171437
1 46279U 20061H   23284.62829178  .00040107  00000+0  14193-2 0  9990
2 46279  97.3902 350.7433 0002974  42.1765 317.9704 15.29030527171501
1 46279U 20061H   23285.41359056  .00042515  00000+0  15008-2 0  9992
2 46279  97.3901 351.5230 0002907  38.6372 321.5075 15.29097925171624
1 46279U 20061H   23285.74078832  .00042215  00000+0  14890-2 0  9993
2 46279  97.3901 351.8481 0002902  37.3401 322.8040 15.29126306171676
1 46279U 20061H   23286.13341751  .00045644  00000+0  16072-2 0  9993
2 46279  97.3900 352.2379 0002918  35.3305 324.8128 15.29162698171734
1 46279U 20061H   23286.72234504  .00048740  00000+0  17125-2 0  9995
2 46279  97.3902 352.8231 0002942  32.1885 327.9535 15.29216384171822
1 46279U 20061H   23287.18038380  .00048683  00000+0  17082-2 0  9998
2 46279  97.3899 353.2781 0002873  32.8276 327.3142 15.29261338171890
1 46279U 20061H   23287.44211398  .00047249  00000+0  16570-2 0  9997
2 46279  97.3898 353.5387 0002809  33.1283 327.0133 15.29286519171935
1 46279U 20061H   23287.76927198  .00040837  00000+0  14326-2 0  9997
2 46279  97.3896 353.8639 0002774  32.1799 327.9610 15.29311709171982
1 46279U 20061H   23288.16185438  .00039610  00000+0  13886-2 0  9992
2 46279  97.3894 354.2538 0002727  30.0618 330.0779 15.29341858172045
1 46279U 20061H   23289.14328052  .00037035  00000+0  12963-2 0  9996
2 46279  97.3889 355.2290 0002668  26.0881 334.0494 15.29408611172191
1 46279U 20061H   23289.66669029  .00034812  00000+0  12177-2 0  9992
2 46279  97.3889 355.7490 0002648  24.7511 335.3856 15.29443139172270
1 46279U 20061H   23290.45178165  .00032245  00000+0  11267-2 0  9994
2 46279  97.3883 356.5287 0002634  22.5224 337.6131 15.29495026172395
1 46279U 20061H   23290.97516157  .00033914  00000+0  11834-2 0  9992
2 46279  97.3881 357.0487 0002600  20.1484 339.9858 15.29529093172478
1 46279U 20061H   23291.43310928  .00031245  00000+0  10899-2 0  9997
2 46279  97.3877 357.5039 0002559  18.6093 341.5241 15.29557128172545
1 46279U 20061H   23292.15272144  .00044066  00000+0  15306-2 0  9997
2 46279  97.3874 358.2187 0002516  14.5929 345.5384 15.29618409172654
1 46279U 20061H   23292.41439171  .00043438  00000+0  15080-2 0  9992
2 46279  97.3873 358.4787 0002491  13.8761 346.2547 15.29638655172697
1 46279U 20061H   23292.61064208  .00042873  00000+0  14878-2 0  9995
2 46279  97.3873 358.6737 0002481  12.8509 347.2794 15.29655091172724
1 46279U 20061H   23293.13396455  .00038970  00000+0  13515-2 0  9995
2 46279  97.3874 359.1937 0002474  10.5434 349.5858 15.29698375172804
1 46279U 20061H   23293.65727378  .00036010  00000+0  12480-2 0  9997
2 46279  97.3875 359.7137 0002453   9.6696 350.4591 15.29737966172882
1 46279U 20061H   23294.44221140  .00044118  00000+0  15237-2 0  9992
2 46279  97.3875   0.4937 0002386   7.4849 352.6426 15.29804031173005
1 46279U 20061H   23295.16170803  .00029505  00000+0  10203-2 0  9992
2 46279  97.3876   1.2088 0002329   3.9448 356.1810 15.29853436173116
1 46279U 20061H   23295.88118015  .00034147  00000+0  11777-2 0  9993
2 46279  97.3874   1.9236 0002258   0.2467 359.8775 15.29908173173229
1 46279U 20061H   23296.14280117  .00035062  00000+0  12084-2 0  9995
2 46279  97.3879   2.1837 0002247 358.4460   1.6773 15.29925949173267
1 46279U 20061H   23296.92764867  .00029419  00000+0  10138-2 0  9997
2 46279  97.3881   2.9641 0002204 356.7273   3.3953 15.29967601173380
1 46279U 20061H   23297.18925947  .00026391  00000+0  90971-3 0  9994
2 46279  97.3882   3.2240 0002178 355.5300   4.5921 15.29981065173421
1 46279U 20061H   23297.45086793  .00026392  00000+0  90935-3 0  9992
2 46279  97.3884   3.4841 0002159 354.9938   5.1280 15.29994958173465
1 46279U 20061H   23298.17027886  .00025506  00000+0  87798-3 0  9999
2 46279  97.3883   4.1995 0002124 351.6700   8.4504 15.30033092173577
1 46279U 20061H   23299.15126403  .00030143  00000+0  10347-2 0  9991
2 46279  97.3884   5.1750 0002082 346.9154  13.2032 15.30089913173721
1 46279U 20061H   23299.73983678  .00032258  00000+0  11055-2 0  9996
2 46279  97.3886   5.7603 0002001 344.9960  15.1221 15.30128122173817
1 46279U 20061H   23300.45918008  .00039931  00000+0  13640-2 0  9990
2 46279  97.3885   6.4757 0001987 342.0354  18.0816 15.30187148173929
1 46279U 20061H   23300.91693134  .00034957  00000+0  11941-2 0  9996
2 46279  97.3883   6.9309 0001954 340.5771  19.5395 15.30216401173995
1 46279U 20061H   23301.17849878  .00032715  00000+0  11174-2 0  9991
2 46279  97.3881   7.1910 0001958 338.3804  21.7354 15.30234970174037
1 46279U 20061H   23301.70162380  .00036978  00000+0  12603-2 0  9999
2 46279  97.3874   7.7112 0001916 336.1829  23.9322 15.30277442174115
1 46279U 20061H   23302.15934581  .00045656  00000+0  15516-2 0  9998
2 46279  97.3870   8.1664 0001913 333.1810  26.9331 15.30320701174189
1 46279U 20061H   23302.74782793  .00043239  00000+0  14678-2 0  9992
2 46279  97.3868   8.7518 0001892 329.6624  30.4507 15.30370634174274
1 46279U 20061H   23303.92473460  .00040462  00000+0  13702-2 0  9993
2 46279  97.3864   9.9221 0001798 325.9589  34.1536 15.30465777174454
1 46279U 20061H   23304.18625974  .00036809  00000+0  12466-2 0  9997
2 46279  97.3862  10.1822 0001808 323.5247  36.5871 15.30484521174490
1 46279U 20061H   23304.44778197  .00035842  00000+0  12134-2 0  9990
2 46279  97.3862  10.4424 0001776 322.3791  37.7325 15.30502670174534
1 46279U 20061H   23304.90543878  .00035391  00000+0  11971-2 0  9994
2 46279  97.3858  10.8981 0001769 319.2056  40.9052 15.30533393174609
1 46279U 20061H   23305.16695271  .00035805  00000+0  12103-2 0  9996
2 46279  97.3858  11.1582 0001766 317.6707  42.4397 15.30552349174647
1 46279U 20061H   23305.68997098  .00032819  00000+0  11088-2 0  9998
2 46279  97.3854  11.6785 0001763 314.2702  45.8394 15.30587583174729
1 46279U 20061H   23306.14760079  .00035926  00000+0  12117-2 0  9993
2 46279  97.3854  12.1336 0001790 311.2220  48.8866 15.30623418174791
1 46279U 20061H   23306.73596658  .00037141  00000+0  12506-2 0  9991
2 46279  97.3854  12.7189 0001764 308.5279  51.5803 15.30669972174884
1 46279U 20061H   23306.93208445  .00036646  00000+0  12335-2 0  9996
2 46279  97.3852  12.9140 0001762 307.9644  52.1438 15.30684278174919
1 46279U 20061H   23307.12820030  .00036691  00000+0  12344-2 0  9998
2 46279  97.3853  13.1091 0001780 306.7098  53.3979 15.30700649174945
1 46279U 20061H   23307.65116590  .00039649  00000+0  13313-2 0  9998
2 46279  97.3856  13.6294 0001730 305.5037  54.6042 15.30745996175022
1 46279U 20061H   23308.17411801  .00040248  00000+0  13496-2 0  9998
2 46279  97.3853  14.1495 0001709 302.5180  57.5895 15.30786287175105
1 46279U 20061H   23308.69705593  .00037724  00000+0  12640-2 0  9994
2 46279  97.3853  14.6698 0001709 299.3931  60.7139 15.30826059175189
1 46279U 20061H   23309.15461315  .00055530  00000+0  18520-2 0  9995
2 46279  97.3853  15.1251 0001746 297.3986  62.7077 15.30878788175256
1 46279U 20061H   23309.74287848  .00050217  00000+0  16731-2 0  9996
2 46279  97.3856  15.7108 0001742 293.8353  66.2705 15.30939350175341
1 46279U 20061H   23310.13503361  .00094469  00000+0  31177-2 0  9990
2 46279  97.3855  16.1007 0001711 292.0316  68.0744 15.31033274175400
1 46279U 20061H   23310.72323903  .00071469  00000+0  23609-2 0  9993
2 46279  97.3857  16.6866 0001721 294.5788  65.5274 15.31109688175493
1 46279U 20061H   23311.18071374  .00053165  00000+0  17588-2 0  9998
2 46279  97.3860  17.1416 0001705 290.3072  69.7985 15.31153387175564
1 46279U 20061H   23311.70352461  .00038330  00000+0  12695-2 0  9996
2 46279  97.3856  17.6623 0001723 286.7012  73.4040 15.31197300175643
1 46279U 20061H   23312.16097104  .00046153  00000+0  15243-2 0  9991
2 46279  97.3855  18.1174 0001759 282.8564  77.2481 15.31243684175713
1 46279U 20061H   23312.68375268  .00043447  00000+0  14337-2 0  9994
2 46279  97.3855  18.6384 0001802 283.3942  76.7098 15.31286710175799
1 46279U 20061H   23313.14117394  .00042649  00000+0  14058-2 0  9993
2 46279  97.3853  19.0935 0001812 280.2655  79.8382 15.31326996175861
1 46279U 20061H   23313.92529893  .00038623  00000+0  12717-2 0  9997
2 46279  97.3854  19.8749 0001730 273.4480  86.6563 15.31385672175988
1 46279U 20061H   23314.44803230  .00035745  00000+0  11762-2 0  9996
2 46279  97.3852  20.3957 0001717 269.5052  90.5993 15.31423514176069
1 46279U 20061H   23314.70939433  .00035399  00000+0  11642-2 0  9992
2 46279  97.3853  20.6563 0001745 267.8756  92.2285 15.31442609176103
1 46279U 20061H   23315.16677066  .00033974  00000+0  11166-2 0  9992
2 46279  97.3851  21.1119 0001758 265.3466  94.7575 15.31472558176171
1 46279U 20061H   23315.75481214  .00032019  00000+0  10515-2 0  9991
2 46279  97.3851  21.6979 0001786 261.9380  98.1658 15.31511627176269
1 46279U 20061H   23316.14683252  .00029988  00000+0  98453-3 0  9990
2 46279  97.3853  22.0882 0001826 260.4894  99.6141 15.31533519176322
1 46279U 20061H   23316.93085364  .00033633  00000+0  11016-2 0  9998
2 46279  97.3851  22.8693 0001803 255.7735 104.3306 15.31585760176449
1 46279U 20061H   23317.12685458  .00034292  00000+0  11225-2 0  9994
2 46279  97.3851  23.0646 0001799 255.0109 105.0934 15.31600601176472
1 46279U 20061H   23318.17216375  .00033009  00000+0  10784-2 0  9992
2 46279  97.3846  24.1064 0001789 249.7575 110.3474 15.31671462176637
1 46279U 20061H   23318.43348340  .00029048  00000+0  94937-3 0  9990
2 46279  97.3844  24.3669 0001808 247.4845 112.6205 15.31686347176674
1 46279U 20061H   23319.15209916  .00030501  00000+0  99514-3 0  9997
2 46279  97.3840  25.0827 0001901 244.6321 115.4723 15.31731474176786
1 46279U 20061H   23319.93601967  .00031190  00000+0  10159-2 0  9997
2 46279  97.3834  25.8634 0001932 239.6654 120.4397 15.31780657176904
1 46279U 20061H   23320.13199583  .00031667  00000+0  10309-2 0  9993
2 46279  97.3831  26.0583 0001966 238.4100 121.6949 15.31794116176931
1 46279U 20061H   23320.91588702  .00028710  00000+0  93403-3 0  9996
2 46279  97.3836  26.8402 0001929 235.7703 124.3356 15.31836076177050
1 46279U 20061H   23321.17717981  .00027374  00000+0  89047-3 0  9992
2 46279  97.3836  27.1006 0001893 233.5464 126.5603 15.31848971177094
1 46279U 20061H   23321.83040252  .00022085  00000+0  71882-3 0  9997
2 46279  97.3833  27.7513 0001985 230.1295 129.9772 15.31875084177197
1 46279U 20061H   23322.15700946  .00023034  00000+0  74917-3 0  9993
2 46279  97.3832  28.0767 0001976 229.9696 130.1373 15.31889769177244
1 46279U 20061H   23322.94085430  .00021363  00000+0  69447-3 0  9999
2 46279  97.3833  28.8576 0002010 225.2602 134.8477 15.31921091177361
1 46279U 20061H   23323.46340764  .00023286  00000+0  75597-3 0  9990
2 46279  97.3834  29.3780 0002040 222.7003 137.4080 15.31946267177445
1 46279U 20061H   23323.92063522  .00021056  00000+0  68361-3 0  9999
2 46279  97.3832  29.8337 0002027 219.5847 140.5247 15.31965115177512
1 46279U 20061H   23324.44317197  .00023783  00000+0  77086-3 0  9990
2 46279  97.3833  30.3543 0002087 217.1468 142.9629 15.31994413177599
1 46279U 20061H   23324.70443706  .00026139  00000+0  84629-3 0  9994
2 46279  97.3833  30.6147 0002102 215.4438 144.6664 15.32010374177637
1 46279U 20061H   23325.16164359  .00026807  00000+0  86705-3 0  9998
2 46279  97.3833  31.0706 0002104 214.3991 145.7115 15.32037490177706
1 46279U 20061H   23325.74946758  .00036376  00000+0  11725-2 0  9994
2 46279  97.3836  31.6564 0002161 211.1057 149.0057 15.32083000177797
1 46279U 20061H   23326.14134042  .00041495  00000+0  13349-2 0  9996
2 46279  97.3836  32.0471 0002152 210.5986 149.5130 15.32116164177855
1 46279U 20061H   23326.72913101  .00050771  00000+0  16276-2 0  9990
2 46279  97.3839  32.6333 0002165 207.2680 152.8448 15.32178141177941
1 46279U 20061H   23327.18628563  .00048349  00000+0  15484-2 0  9994
2 46279  97.3840  33.0891 0002178 205.2398 154.8738 15.32222777178013
1 46279U 20061H   23327.77403874  .00037165  00000+0  11909-2 0  9997
2 46279  97.3840  33.6748 0002129 202.5742 157.5407 15.32267381178102
1 46279U 20061H   23328.16586378  .00038650  00000+0  12369-2 0  9993
2 46279  97.3840  34.0656 0002109 201.6908 158.4245 15.32300304178166
1 46279U 20061H   23328.75358612  .00039289  00000+0  12553-2 0  9990
2 46279  97.3838  34.6518 0002159 199.9750 160.1407 15.32348689178253
1 46279U 20061H   23329.14538978  .00045500  00000+0  14504-2 0  9990
2 46279  97.3838  35.0424 0002193 199.3840 160.7319 15.32387230178316
1 46279U 20061H   23330.12484323  .00095537  00000+0  30077-2 0  9992
2 46279  97.3834  36.0193 0002268 192.6676 167.4510 15.32545969178460
1 46279U 20061H   23330.71247939  .00035801  00000+0  11363-2 0  9992
2 46279  97.3831  36.6054 0002224 190.6118 169.5077 15.32581374178551
1 46279U 20061H   23331.16951368  .00032309  00000+0  10249-2 0  9992
2 46279  97.3828  37.0607 0002294 188.8159 171.3043 15.32621542178621
1 46279U 20061H   23331.75711246  .00039706  00000+0  12558-2 0  9999
2 46279  97.3821  37.6469 0002112 189.2749 170.8455 15.32671608178714
1 46279U 20061H   23332.73640152  .00045064  00000+0  14200-2 0  9995
2 46279  97.3823  38.6239 0002246 185.5200 174.6018 15.32759456178862
1 46279U 20061H   23333.12809958  .00047168  00000+0  14839-2 0  9995
2 46279  97.3819  39.0148 0002215 184.9453 175.1768 15.32800352178927
1 46279U 20061H   23334.17258183  .00049615  00000+0  15553-2 0  9992
2 46279  97.3814  40.0570 0002376 179.1837 180.9409 15.32901488179089
1 46279U 20061H   23335.15172592  .00045058  00000+0  14098-2 0  9990
2 46279  97.3811  41.0339 0002482 177.2046 182.9211 15.32985273179233
1 46279U 20061H   23335.73918226  .00059889  00000+0  18652-2 0  9993
2 46279  97.3811  41.6201 0002453 175.0248 185.1020 15.33057126179326
1 46279U 20061H   23336.13080183  .00106045  00000+0  32718-2 0  9996
2 46279  97.3809  42.0109 0002458 173.0645 187.0632 15.33144219179385
1 46279U 20061H   23336.71820363  .00036559  00000+0  11384-2 0  9990
2 46279  97.3810  42.5975 0002414 171.7306 188.3977 15.33187517179478
1 46279U 20061H   23337.17505669  .00030739  00000+0  95702-3 0  9991
2 46279  97.3808  43.0528 0002531 170.2533 189.8759 15.33229024179543
1 46279U 20061H   23337.69716201  .00038175  00000+0  11853-2 0  9990
2 46279  97.3807  43.5744 0002406 170.1744 189.9546 15.33269323179621
1 46279U 20061H   23338.61081791  .00040286  00000+0  12480-2 0  9995
2 46279  97.3806  44.4863 0002348 167.2264 192.9038 15.33329860179769
1 46279U 20061H   23339.13288986  .00034639  00000+0  10730-2 0  9999
2 46279  97.3807  45.0072 0002393 165.5964 194.5347 15.33365510179849
1 46279U 20061H   23340.17699559  .00033003  00000+0  10203-2 0  9996
2 46279  97.3814  46.0510 0002420 161.8239 198.3090 15.33439146180004
1 46279U 20061H   23341.15580261  .00029335  00000+0  90592-3 0  9997
2 46279  97.3821  47.0295 0002471 161.0649 199.0686 15.33498255180157
1 46279U 20061H   23342.13457583  .00025309  00000+0  78067-3 0  9996
2 46279  97.3849  48.0071 0006990 134.9031 225.2780 15.33545507180301
1 46279U 20061H   23343.17856944  .00023197  00000+0  71504-3 0  9997
2 46279  97.3797  49.0458 0005745 143.4068 216.7568 15.33593011180464
1 46279U 20061H   23343.63530835  .00020912  00000+0  64485-3 0  9998
2 46279  97.3819  49.5052 0002954 151.9327 208.2075 15.33612863180539
1 46279U 20061H   23344.48351821  .00020310  00000+0  62571-3 0  9994
2 46279  97.3816  50.3519 0002911 149.8886 210.2524 15.33648980180668
1 46279U 20061H   23344.74450187  .00021094  00000+0  64943-3 0  9993
2 46279  97.3817  50.6130 0002917 149.1744 210.9671 15.33661339180701
1 46279U 20061H   23345.13597328  .00020871  00000+0  64227-3 0  9993
2 46279  97.3816  51.0043 0002882 147.6371 212.5049 15.33678937180763
1 46279U 20061H   23345.72317326  .00021556  00000+0  66268-3 0  9994
2 46279  97.3813  51.5902 0002923 145.2954 214.8480 15.33703828180858
1 46279U 20061H   23346.17987707  .00020208  00000+0  62114-3 0  9999
2 46279  97.3810  52.0467 0002909 143.5175 216.6267 15.33722893180921
1 46279U 20061H   23346.70181753  .00023698  00000+0  72709-3 0  9992
2 46279  97.3808  52.5679 0002961 142.7430 217.4018 15.33748174181004
1 46279U 20061H   23347.15850820  .00029744  00000+0  91051-3 0  9999
2 46279  97.3805  53.0245 0003027 141.7573 218.3884 15.33773331181078
1 46279U 20061H   23347.68043163  .00025204  00000+0  77175-3 0  9999
2 46279  97.3803  53.5455 0003086 141.0129 219.1337 15.33797859181151
1 46279U 20061H   23348.13710645  .00025782  00000+0  78872-3 0  9992
2 46279  97.3801  54.0020 0003061 138.9998 221.1475 15.33823518181221
1 46279U 20061H   23348.72424597  .00023963  00000+0  73253-3 0  9992
2 46279  97.3796  54.5878 0003099 137.2489 222.8995 15.33861802181311
1 46279U 20061H   23349.18090013  .00021858  00000+0  66798-3 0  9992
2 46279  97.3795  55.0440 0003165 136.9037 223.2453 15.33889598181383
1 46279U 20061H   23349.70277999  .00022750  00000+0  69431-3 0  9999
2 46279  97.3792  55.5656 0003137 134.4041 225.7459 15.33923352181460
1 46279U 20061H   23350.15941530  .00026964  00000+0  82124-3 0  9994
2 46279  97.3792  56.0216 0003131 134.2973 225.8527 15.33954246181535
1 46279U 20061H   23350.68127303  .00031960  00000+0  97111-3 0  9990
2 46279  97.3789  56.5427 0003109 132.1226 228.0281 15.33994084181618
1 46279U 20061H   23351.13788970  .00028831  00000+0  87591-3 0  9998
2 46279  97.3789  56.9989 0003095 130.1182 230.0333 15.34020442181685
1 46279U 20061H   23351.72495333  .00040160  00000+0  12154-2 0  9992
2 46279  97.3789  57.5852 0003122 127.8607 232.2919 15.34071181181777
1 46279U 20061H   23352.18154455  .00040738  00000+0  12312-2 0  9997
2 46279  97.3787  58.0415 0003129 126.1795 233.9738 15.34111021181846
1 46279U 20061H   23352.63812363  .00043485  00000+0  13118-2 0  9993
2 46279  97.3787  58.4976 0003134 125.0340 235.1198 15.34154505181918
1 46279U 20061H   23353.15991379  .00040227  00000+0  12126-2 0  9995
2 46279  97.3786  59.0185 0003079 124.1842 235.9693 15.34196976181995
1 46279U 20061H   23353.68168795  .00038349  00000+0  11547-2 0  9999
2 46279  97.3785  59.5401 0003088 122.1361 238.0182 15.34242857182071
1 46279U 20061H   23354.13822893  .00035810  00000+0  10776-2 0  9999
2 46279  97.3786  59.9963 0003101 121.0710 239.0838 15.34277516182148
1 46279U 20061H   23354.72519134  .00044501  00000+0  13345-2 0  9997
2 46279  97.3789  60.5838 0003194 120.0625 240.0935 15.34337103182235
1 46279U 20061H   23355.18170290  .00046252  00000+0  13846-2 0  9995
2 46279  97.3791  61.0403 0003277 118.8995 241.2577 15.34382132182304
1 46279U 20061H   23355.70341391  .00041426  00000+0  12393-2 0  9999
2 46279  97.3793  61.5625 0003365 118.9425 241.2156 15.34429861182386
1 46279U 20061H   23356.15989772  .00044903  00000+0  13406-2 0  9999
2 46279  97.3794  62.0187 0003341 117.3561 242.8023 15.34474459182455
1 46279U 20061H   23356.74678631  .00048041  00000+0  14309-2 0  9993
2 46279  97.3795  62.6059 0003398 116.3379 243.8213 15.34532878182540
1 46279U 20061H   23357.52927223  .00049586  00000+0  14731-2 0  9998
2 46279  97.3795  63.3885 0003409 113.3009 246.8593 15.34606688182663
1 46279U 20061H   23357.72488825  .00047535  00000+0  14119-2 0  9992
2 46279  97.3796  63.5843 0003399 111.8698 248.2907 15.34623122182695
1 46279U 20061H   23358.18131600  .00049307  00000+0  14621-2 0  9996
2 46279  97.3794  64.0409 0003408 110.2931 249.8679 15.34666445182767
1 46279U 20061H   23358.70293163  .00047032  00000+0  13930-2 0  9992
2 46279  97.3793  64.5627 0003419 108.9944 251.1670 15.34715288182849
1 46279U 20061H   23359.15933117  .00049312  00000+0  14579-2 0  9995
2 46279  97.3791  65.0192 0003392 107.8779 252.2834 15.34760299182918
1 46279U 20061H   23359.74611147  .00046560  00000+0  13748-2 0  9995
2 46279  97.3790  65.6062 0003372 106.2736 253.8878 15.34815252183009
1 46279U 20061H   23360.13728718  .00045314  00000+0  13368-2 0  9997
2 46279  97.3788  65.9974 0003376 105.0463 255.1154 15.34849895183067
1 46279U 20061H   23360.72403446  .00045317  00000+0  13347-2 0  9990
2 46279  97.3788  66.5845 0003403 102.7797 257.3827 15.34902010183156
1 46279U 20061H   23361.50633294  .00043331  00000+0  12739-2 0  9991
2 46279  97.3785  67.3675 0003372  99.3323 260.8302 15.34969751183279
1 46279U 20061H   23361.70190196  .00042203  00000+0  12403-2 0  9997
2 46279  97.3783  67.5630 0003367  99.2089 260.9535 15.34987158183306
1 46279U 20061H   23362.15822275  .00039409  00000+0  11575-2 0  9990
2 46279  97.3780  68.0196 0003338  97.5359 262.6264 15.35021216183375
1 46279U 20061H   23362.74490527  .00038243  00000+0  11219-2 0  9996
2 46279  97.3778  68.6066 0003343  95.5959 264.5666 15.35066394183467
1 46279U 20061H   23363.13601794  .00035707  00000+0  10471-2 0  9991
2 46279  97.3776  68.9979 0003368  94.2537 265.9091 15.35093444183526
1 46279U 20061H   23364.17894981  .00035787  00000+0  10469-2 0  9993
2 46279  97.3774  70.0407 0003383  90.6548 269.5083 15.35169096183688
1 46279U 20061H   23364.70039552  .00032426  00000+0  94808-3 0  9994
2 46279  97.3771  70.5626 0003403  90.3429 269.8205 15.35206776183766
1 46279U 20061H   23365.67807763  .00029963  00000+0  87490-3 0  9999
2 46279  97.3769  71.5414 0003413  87.6036 272.5598 15.35265501183917
1 46279U 20061H   24001.13431621  .00030383  00000+0  88629-3 0  9997
2 46279  97.3769  71.9979 0003417  87.4023 272.7612 15.35293243183985
1 46279U 20061H   24001.72089622  .00031107  00000+0  90617-3 0  9997
2 46279  97.3767  72.5848 0003454  86.6432 273.5207 15.35331069184070
1 46279U 20061H   24002.17711420  .00036592  00000+0  10636-2 0  9990
2 46279  97.3765  73.0418 0003439  85.1836 274.9800 15.35366117184146
1 46279U 20061H   24002.69849512  .00030044  00000+0  87357-3 0  9992
2 46279  97.3763  73.5638 0003401  83.5672 276.5959 15.35397293184223
1 46279U 20061H   24003.15469396  .00032811  00000+0  95255-3 0  9992
2 46279  97.3763  74.0202 0003349  82.0188 278.1436 15.35428224184297
1 46279U 20061H   24004.13223287  .00033193  00000+0  96158-3 0  9995
2 46279  97.3761  74.9984 0003322  78.1828 281.9788 15.35493288184440
1 46279U 20061H   24004.71873512  .00030808  00000+0  89177-3 0  9994
2 46279  97.3765  75.5860 0003390  79.9606 280.2020 15.35533256184533
1 46279U 20061H   24005.17489378  .00030833  00000+0  89166-3 0  9994
2 46279  97.3775  76.0440 0003320  76.8334 283.3280 15.35562647184607
1 46279U 20061H   24005.76136965  .00028697  00000+0  82926-3 0  9992
2 46279  97.3771  76.6302 0003339  76.0759 284.0856 15.35601080184690
1 46279U 20061H   24006.15234534  .00033498  00000+0  96611-3 0  9998
2 46279  97.3771  77.0219 0003325  74.7864 285.3747 15.35630362184754
1 46279U 20061H   24006.73879723  .00030109  00000+0  86803-3 0  9995
2 46279  97.3772  77.6093 0003319  73.8681 286.2928 15.35665743184843
1 46279U 20061H   24007.12975721  .00029801  00000+0  85851-3 0  9993
2 46279  97.3771  78.0008 0003344  72.7905 287.3704 15.35690395184900
1 46279U 20061H   24007.65102677  .00032253  00000+0  92757-3 0  9991
2 46279  97.3773  78.5231 0003365  70.8640 289.2967 15.35727212184982
1 46279U 20061H   24008.17228539  .00032756  00000+0  94097-3 0  9992
2 46279  97.3771  79.0451 0003355  69.9471 290.2134 15.35759875185068
1 46279U 20061H   24008.75868715  .00031699  00000+0  90972-3 0  9995
2 46279  97.3771  79.6325 0003324  68.1381 292.0216 15.35797799185159
1 46279U 20061H   24009.41022497  .00039777  00000+0  11378-2 0  9995
2 46279  97.3771  80.2852 0003311  65.3585 294.8004 15.35851229185258
1 46279U 20061H   24009.73598561  .00039440  00000+0  11273-2 0  9991
2 46279  97.3770  80.6115 0003320  64.6193 295.5394 15.35877671185305
1 46279U 20061H   24010.12689049  .00039771  00000+0  11355-2 0  9996
2 46279  97.3771  81.0029 0003332  62.9948 297.1636 15.35910341185362
1 46279U 20061H   24010.71323248  .00039682  00000+0  11312-2 0  9991
2 46279  97.3768  81.5904 0003323  61.9619 298.1961 15.35959491185450
1 46279U 20061H   24011.36469853  .00047117  00000+0  13386-2 0  9991
2 46279  97.3760  82.2431 0003292  59.7427 300.4143 15.36025294185558
1 46279U 20061H   24011.75556400  .00049695  00000+0  14093-2 0  9998
2 46279  97.3756  82.6341 0003282  57.6381 302.5180 15.36068811185615
1 46279U 20061H   24012.40698498  .00049791  00000+0  14091-2 0  9990
2 46279  97.3754  83.2865 0003219  57.0903 303.0650 15.36133469185716
1 46279U 20061H   24012.73268528  .00048359  00000+0  13675-2 0  9999
2 46279  97.3754  83.6128 0003232  55.4570 304.6979 15.36165309185763
1 46279U 20061H   24013.18865384  .00048992  00000+0  13832-2 0  9990
2 46279  97.3752  84.0700 0003232  55.3106 304.8442 15.36211476185838
1 46279U 20061H   24014.16568488  .00051942  00000+0  14612-2 0  9990
2 46279  97.3750  85.0490 0003214  51.2455 308.9076 15.36309482185984
1 46279U 20061H   24014.75187303  .00052827  00000+0  14830-2 0  9993
2 46279  97.3747  85.6366 0003189  49.0186 311.1334 15.36370591186078
1 46279U 20061H   24015.14265089  .00057789  00000+0  16186-2 0  9993
2 46279  97.3747  86.0282 0003177  47.2492 312.9019 15.36417652186133
1 46279U 20061H   24015.72879665  .00054202  00000+0  15158-2 0  9993
2 46279  97.3744  86.6156 0003176  45.5652 314.5851 15.36483164186227
1 46279U 20061H   24016.11954730  .00049411  00000+0  13811-2 0  9994
2 46279  97.3745  87.0069 0003144  44.8261 315.3237 15.36523473186280
1 46279U 20061H   24016.70565247  .00047962  00000+0  13382-2 0  9992
2 46279  97.3740  87.5946 0003217  42.7012 317.4482 15.36586827186373
1 46279U 20061H   24017.16149578  .00049582  00000+0  13808-2 0  9991
2 46279  97.3740  88.0510 0003248  39.9342 320.2140 15.36636924186449
1 46279U 20061H   24017.42197122  .00051549  00000+0  14340-2 0  9996
2 46279  97.3738  88.3126 0003335  38.2432 321.9048 15.36661058186486
1 46279U 20061H   24017.74755920  .00050629  00000+0  14070-2 0  9995
2 46279  97.3739  88.6392 0003270  38.8189 321.3289 15.36696681186535
1 46279U 20061H   24018.13825518  .00049487  00000+0  13737-2 0  9999
2 46279  97.3740  89.0307 0003206  38.6859 321.4614 15.36738197186597
1 46279U 20061H   24018.72428142  .00053321  00000+0  14765-2 0  9990
2 46279  97.3741  89.6187 0003304  36.1009 324.0458 15.36795139186683
1 46279U 20061H   24019.18006298  .00050478  00000+0  13962-2 0  9993
2 46279  97.3742  90.0754 0003182  35.7025 324.4432 15.36845239186758
1 46279U 20061H   24019.70093786  .00052336  00000+0  14445-2 0  9991
2 46279  97.3742  90.5985 0003216  32.3529 327.7912 15.36902460186837
1 46279U 20061H   24020.15668806  .00051023  00000+0  14064-2 0  9992
2 46279  97.3742  91.0554 0003115  31.3524 328.7906 15.36950516186904
1 46279U 20061H   24020.74263240  .00049718  00000+0  13681-2 0  9992
2 46279  97.3742  91.6434 0003178  28.0665 332.0750 15.37009426186995
1 46279U 20061H   24021.13324929  .00049791  00000+0  13683-2 0  9991
2 46279  97.3743  92.0350 0003115  28.2134 331.9278 15.37050402187053
1 46279U 20061H   24021.71915600  .00054361  00000+0  14900-2 0  9999
2 46279  97.3742  92.6232 0003155  26.2689 333.8715 15.37109002187142
1 46279U 20061H   24022.17484593  .00045871  00000+0  12573-2 0  9992
2 46279  97.3741  93.0801 0003038  25.2289 334.9104 15.37152044187219
1 46279U 20061H   24022.76071352  .00046679  00000+0  12770-2 0  9998
2 46279  97.3739  93.6679 0003031  23.3183 336.8198 15.37207208187307
1 46279U 20061H   24023.15127956  .00048208  00000+0  13168-2 0  9996
2 46279  97.3739  94.0599 0003073  19.9555 340.1810 15.37246862187367
1 46279U 20061H   24023.67201791  .00050563  00000+0  13781-2 0  9991
2 46279  97.3738  94.5824 0003059  18.5360 341.5995 15.37303499187443
1 46279U 20061H   24023.73710870  .00050908  00000+0  13871-2 0  9994
2 46279  97.3738  94.6477 0003055  18.4197 341.7157 15.37310969187454
1 46279U 20061H   24024.19273812  .00053588  00000+0  14572-2 0  9991
2 46279  97.3738  95.1049 0003064  17.5625 342.5725 15.37359719187525
1 46279U 20061H   24024.64835326  .00049805  00000+0  13532-2 0  9997
2 46279  97.3736  95.5620 0003024  17.0789 343.0557 15.37404547187590
1 46279U 20061H   24025.16904143  .00047149  00000+0  12797-2 0  9990
2 46279  97.3733  96.0844 0003002  15.6793 344.4544 15.37450849187672
1 46279U 20061H   24025.75479724  .00046100  00000+0  12494-2 0  9997
2 46279  97.3730  96.6721 0003016  13.5371 346.5954 15.37501602187765
1 46279U 20061H   24026.14529026  .00053397  00000+0  14436-2 0  9996
2 46279  97.3729  97.0640 0003022  12.2080 347.9237 15.37540819187827
1 46279U 20061H   24026.73101239  .00044563  00000+0  12047-2 0  9994
2 46279  97.3729  97.6521 0002923  11.1301 349.0008 15.37587834187911
1 46279U 20061H   24027.18655870  .00051087  00000+0  13774-2 0  9996
2 46279  97.3728  98.1099 0002808  10.1289 350.0012 15.37636895187988
1 46279U 20061H   24027.77224368  .00042894  00000+0  11563-2 0  9995
2 46279  97.3724  98.6977 0002708   8.6677 351.4614 15.37685083188073
1 46279U 20061H   24028.16268971  .00049190  00000+0  13230-2 0  9996
2 46279  97.3721  99.0897 0002665   7.0484 353.0798 15.37722938188136
1 46279U 20061H   24028.42298285  .00041463  00000+0  11161-2 0  9992
2 46279  97.3720  99.3510 0002658   6.2367 353.8910 15.37738123188174
1 46279U 20061H   24028.68327199  .00043988  00000+0  11826-2 0  9999
2 46279  97.3719  99.6123 0002659   5.2339 354.8933 15.37762971188213
1 46279U 20061H   24029.65932008  .00042829  00000+0  11484-2 0  9991
2 46279  97.3717 100.5922 0002579   2.4104 357.7153 15.37851237188366
1 46279U 20061H   24030.17985583  .00045661  00000+0  12218-2 0  9999
2 46279  97.3712 101.1147 0002574   0.2260 359.8985 15.37900241188446
1 46279U 20061H   24030.70037547  .00044607  00000+0  11920-2 0  9994
2 46279  97.3711 101.6374 0002545 357.9310   2.1924 15.37947376188528
1 46279U 20061H   24031.15581779  .00042272  00000+0  11287-2 0  9997
2 46279  97.3710 102.0947 0002540 355.3067   4.8154 15.37984812188591
1 46279U 20061H   24032.13172850  .00040955  00000+0  10910-2 0  9990
2 46279  97.3708 103.0747 0002448 351.7315   8.3889 15.38064078188745
1 46279U 20061H   24032.58713672  .00040496  00000+0  10776-2 0  9992
2 46279  97.3713 103.5330 0002403 351.0269   9.0932 15.38100212188812
1 46279U 20061H   24032.91242138  .00041888  00000+0  11134-2 0  9998
2 46279  97.3711 103.8594 0002451 348.9909  11.1282 15.38126827188861
1 46279U 20061H   24033.17264524  .00042400  00000+0  11261-2 0  9992
2 46279  97.3710 104.1207 0002470 347.5234  12.5950 15.38148929188901
1 46279U 20061H   24033.75813555  .00038214  00000+0  10142-2 0  9995
2 46279  97.3707 104.7085 0002463 344.6034  15.5135 15.38194120188996
1 46279U 20061H   24034.40866166  .00038565  00000+0  10219-2 0  9998
2 46279  97.3710 105.3621 0002444 342.3873  17.7287 15.38241665189099
1 46279U 20061H   24034.73391637  .00041235  00000+0  10911-2 0  9997
2 46279  97.3709 105.6887 0002427 341.7848  18.3309 15.38269876189142
1 46279U 20061H   24035.18926277  .00043772  00000+0  11562-2 0  9992
2 46279  97.3710 106.1462 0002417 340.2781  19.8371 15.38310532189217
1 46279U 20061H   24035.70964411  .00043968  00000+0  11596-2 0  9996
2 46279  97.3710 106.6691 0002375 338.4850  21.6295 15.38356825189294
1 46279U 20061H   24036.16496520  .00046250  00000+0  12177-2 0  9991
2 46279  97.3709 107.1266 0002363 336.2005  23.9130 15.38397510189368
1 46279U 20061H   24036.75035886  .00049795  00000+0  13078-2 0  9998
2 46279  97.3709 107.7150 0002358 333.6023  26.5102 15.38455710189456
1 46279U 20061H   24037.14060897  .00049746  00000+0  13049-2 0  9996
2 46279  97.3709 108.1072 0002375 331.9589  28.1527 15.38494298189511
1 46279U 20061H   24037.72596357  .00052507  00000+0  13738-2 0  9999
2 46279  97.3710 108.6955 0002366 330.1072  30.0038 15.38559499189600
1 46279U 20061H   24038.44136243  .00051840  00000+0  13530-2 0  9992
2 46279  97.3707 109.4148 0002203 324.7923  35.3176 15.38639329189717
1 46279U 20061H   24038.70149793  .00053749  00000+0  14009-2 0  9997
2 46279  97.3709 109.6766 0002275 323.3983  36.7107 15.38671721189752
1 46279U 20061H   24039.09169333  .00054867  00000+0  14279-2 0  9993
2 46279  97.3706 110.0684 0002199 320.3550  39.7534 15.38712716189810
1 46279U 20061H   24039.74199508  .00057368  00000+0  14889-2 0  9998
2 46279  97.3703 110.7223 0002209 319.4171  40.6910 15.38785015189915
1 46279U 20061H   24040.13216130  .00056312  00000+0  14596-2 0  9997
2 46279  97.3703 111.1142 0002107 317.3554  42.7528 15.38830064189978
1 46279U 20061H   24041.17255362  .00048258  00000+0  12482-2 0  9994
2 46279  97.3696 112.1600 0002076 312.0891  48.0178 15.38935200190138
1 46279U 20061H   24041.75774237  .00057264  00000+0  14761-2 0  9994
2 46279  97.3691 112.7486 0002165 312.0887  48.0174 15.38995108190224
1 46279U 20061H   24042.14785433  .00069580  00000+0  17874-2 0  9990
2 46279  97.3690 113.1405 0002122 308.9472  51.1584 15.39043936190286
1 46279U 20061H   24042.73299997  .00065221  00000+0  16726-2 0  9993
2 46279  97.3688 113.7292 0002145 308.2882  51.8170 15.39115720190375
1 46279U 20061H   24043.18809145  .00060395  00000+0  15465-2 0  9991
2 46279  97.3686 114.1865 0002047 304.2574  55.8478 15.39184542190440
1 46279U 20061H   24043.70817528  .00057101  00000+0  14600-2 0  9994
2 46279  97.3683 114.7102 0002170 304.6542  55.4499 15.39244986190520
1 46279U 20061H   24044.16323104  .00053658  00000+0  13703-2 0  9993
2 46279  97.3679 115.1672 0002276 301.6878  58.4146 15.39299148190597
1 46279U 20061H   24044.74827941  .00066217  00000+0  16836-2 0  9990
2 46279  97.3677 115.7558 0002382 302.8849  57.2167 15.39374386190681
1 46279U 20061H   24044.94328884  .00071123  00000+0  18055-2 0  9991
2 46279  97.3674 115.9524 0002172 296.1604  63.9419 15.39400734190719
1 46279U 20061H   24045.46329751  .00074883  00000+0  18954-2 0  9997
2 46279  97.3677 116.4759 0002073 294.4674  65.6355 15.39473768190799
1 46279U 20061H   24045.91828563  .00065290  00000+0  16518-2 0  9998
2 46279  97.3676 116.9334 0002095 291.5697  68.5325 15.39531464190864
1 46279U 20061H   24046.17827185  .00069369  00000+0  17520-2 0  9991
2 46279  97.3675 117.1950 0002089 289.6054  70.4966 15.39565294190904
1 46279U 20061H   24046.76322003  .00056475  00000+0  14261-2 0  9998
2 46279  97.3672 117.7840 0002135 288.3755  71.7258 15.39630484190992
1 46279U 20061H   24047.15317104  .00060521  00000+0  15248-2 0  9991
2 46279  97.3674 118.1761 0002134 284.6577  75.4432 15.39680470191054
1 46279U 20061H   24047.67308736  .00070814  00000+0  17776-2 0  9993
2 46279  97.3674 118.7000 0002131 284.3199  75.7810 15.39745749191133
1 46279U 20061H   24048.45291960  .00057785  00000+0  14490-2 0  9992
2 46279  97.3674 119.4849 0002054 280.6877  79.4138 15.39838315191257
1 46279U 20061H   24048.71285410  .00055819  00000+0  13988-2 0  9991
2 46279  97.3674 119.7466 0002121 279.8529  80.2478 15.39867140191293
1 46279U 20061H   24049.49262187  .00068990  00000+0  17195-2 0  9991
2 46279  97.3674 120.5314 0002211 275.9424  84.1570 15.39971591191412
1 46279U 20061H   24049.94746252  .00058377  00000+0  14546-2 0  9996
2 46279  97.3675 120.9891 0002239 272.4309  87.6681 15.40028734191483
1 46279U 20061H   24050.46726168  .00059564  00000+0  14811-2 0  9993
2 46279  97.3676 121.5129 0002176 271.3492  88.7505 15.40086451191562
1 46279U 20061H   24050.85709864  .00049015  00000+0  12192-2 0  9990
2 46279  97.3675 121.9052 0002201 269.8469  90.2524 15.40126825191621
1 46279U 20061H   24051.50680482  .00049168  00000+0  12204-2 0  9990
2 46279  97.3674 122.5598 0002202 266.3385  93.7609 15.40191268191728
1 46279U 20061H   24051.83164697  .00048738  00000+0  12084-2 0  9999
2 46279  97.3672 122.8867 0002288 265.2678  94.8307 15.40226981191778
1 46279U 20061H   24052.41634633  .00053906  00000+0  13329-2 0  9992
2 46279  97.3673 123.4758 0002260 262.4256  97.6733 15.40284132191862
1 46279U 20061H   24052.74116953  .00046366  00000+0  11467-2 0  9991
2 46279  97.3672 123.8028 0002282 261.3115  98.7873 15.40315269191910
1 46279U 20061H   24053.45575673  .00047272  00000+0  11662-2 0  9992
2 46279  97.3670 124.5226 0002274 257.5380 102.5612 15.40386522192026
1 46279U 20061H   24053.71559849  .00047559  00000+0  11722-2 0  9993
2 46279  97.3669 124.7843 0002277 256.3104 103.7889 15.40413216192069
1 46279U 20061H   24054.17031158  .00046135  00000+0  11358-2 0  9996
2 46279  97.3667 125.2420 0002324 254.9053 105.1936 15.40455485192135
1 46279U 20061H   24054.43014138  .00044940  00000+0  11057-2 0  9992
2 46279  97.3663 125.5036 0002274 252.3417 107.7581 15.40480532192176
1 46279U 20061H   24054.62501077  .00048863  00000+0  12005-2 0  9998
2 46279  97.3663 125.6999 0002301 252.2647 107.8349 15.40504035192202
1 46279U 20061H   24055.46941928  .00048217  00000+0  11817-2 0  9997
2 46279  97.3661 126.5509 0002330 248.3188 111.7810 15.40582339192339
1 46279U 20061H   24056.44368114  .00053406  00000+0  13035-2 0  9996
2 46279  97.3657 127.5325 0002340 243.4226 116.6781 15.40681709192489
1 46279U 20061H   24056.76842006  .00058064  00000+0  14143-2 0  9994
2 46279  97.3657 127.8597 0002389 242.2340 117.8664 15.40721248192532
1 46279U 20061H   24057.15809570  .00059907  00000+0  14565-2 0  9992
2 46279  97.3655 128.2521 0002496 240.1656 119.9343 15.40768572192592
1 46279U 20061H   24057.74258762  .00058504  00000+0  14195-2 0  9999
2 46279  97.3652 128.8415 0002468 239.3870 120.7133 15.40837134192682
1 46279U 20061H   24058.13223567  .00052644  00000+0  12768-2 0  9991
2 46279  97.3651 129.2339 0002522 235.5152 124.5857 15.40877029192742
1 46279U 20061H   24058.45693424  .00058275  00000+0  14106-2 0  9993
2 46279  97.3650 129.5616 0002485 234.6020 125.4995 15.40909619192793
1 46279U 20061H   24058.91150096  .00046487  00000+0  11258-2 0  9994
2 46279  97.3645 130.0195 0002567 233.0369 127.0643 15.40952429192869
1 46279U 20061H   24059.17124773  .00047734  00000+0  11547-2 0  9993
2 46279  97.3645 130.2812 0002594 231.6268 128.4746 15.40980176192903
1 46279U 20061H   24059.49592511  .00050878  00000+0  12290-2 0  9996
2 46279  97.3645 130.6088 0002568 232.1833 127.9182 15.41007687192958
1 46279U 20061H   24059.62579478  .00045513  00000+0  11000-2 0  9996
2 46279  97.3644 130.7398 0002571 232.0976 128.0038 15.41018120192971
1 46279U 20061H   24060.14526375  .00041444  00000+0  10010-2 0  9992
2 46279  97.3643 131.2632 0002617 229.5882 130.5136 15.41059633193056
1 46279U 20061H   24060.92444186  .00043938  00000+0  10586-2 0  9995
2 46279  97.3641 132.0486 0002643 226.2444 133.8585 15.41121818193179
1 46279U 20061H   24061.18416077  .00043058  00000+0  10368-2 0  9993
2 46279  97.3641 132.3104 0002632 225.1326 134.9707 15.41143520193211
1 46279U 20061H   24061.76851229  .00047036  00000+0  11297-2 0  9991
2 46279  97.3640 132.8995 0002673 222.4128 137.6912 15.41200563193307
1 46279U 20061H   24062.15806696  .00049203  00000+0  11797-2 0  9996
2 46279  97.3639 133.2922 0002711 222.0902 138.0137 15.41242022193365
1 46279U 20061H   24062.74237959  .00049588  00000+0  11864-2 0  9992
2 46279  97.3636 133.8816 0002725 218.6777 141.4275 15.41304288193450
1 46279U 20061H   24063.45650884  .00052806  00000+0  12596-2 0  9997
2 46279  97.3636 134.6018 0002779 215.2608 144.8455 15.41379381193563
1 46279U 20061H   24063.71618361  .00052974  00000+0  12624-2 0  9998
2 46279  97.3638 134.8638 0002781 214.7552 145.3514 15.41407370193607
1 46279U 20061H   24064.17059623  .00106680  00000+0  25141-2 0  9991
2 46279  97.3634 135.3220 0002874 212.8473 147.2596 15.41509329193675
1 46279U 20061H   24064.75481650  .00041561  00000+0  98751-3 0  9998
2 46279  97.3634 135.9115 0002851 212.1443 147.9630 15.41554463193764
1 46279U 20061H   24064.94954927  .00041434  00000+0  98366-3 0  9992
2 46279  97.3633 136.1077 0002914 210.7002 149.4074 15.41580183193798
1 46279U 20061H   24065.14427944  .00042778  00000+0  10145-2 0  9999
2 46279  97.3634 136.3046 0002975 211.6415 148.4654 15.41604559193823
1 46279U 20061H   24065.72845271  .00053376  00000+0  12606-2 0  9990
2 46279  97.3635 136.8940 0002893 209.2119 150.8967 15.41676751193912
1 46279U 20061H   24066.18279135  .00054910  00000+0  12941-2 0  9998
2 46279  97.3636 137.3518 0003038 207.4402 152.6685 15.41732671193985
1 46279U 20061H   24066.76691830  .00059043  00000+0  13875-2 0  9991
2 46279  97.3636 137.9421 0002917 207.4086 152.7007 15.41800426194071
1 46279U 20061H   24067.15632257  .00051607  00000+0  12125-2 0  9998
2 46279  97.3638 138.3345 0003057 205.3330 154.7768 15.41841545194138
1 46279U 20061H   24068.64893897  .00049384  00000+0  11544-2 0  9995
2 46279  97.3637 139.8416 0003022 200.5744 159.5382 15.42005247194362
1 46279U 20061H   24069.16807163  .00051364  00000+0  11979-2 0  9997
2 46279  97.3637 140.3651 0003109 198.9615 161.1517 15.42065599194447
1 46279U 20061H   24069.62229702  .00053346  00000+0  12417-2 0  9995
2 46279  97.3633 140.8239 0003089 197.6159 162.4982 15.42114707194510
1 46279U 20061H   24070.46582145  .00051474  00000+0  11951-2 0  9994
2 46279  97.3628 141.6752 0003174 193.9937 166.1223 15.42199530194641
1 46279U 20061H   24070.66047445  .00051585  00000+0  11968-2 0  9996
2 46279  97.3625 141.8718 0003163 193.7652 166.3509 15.42220971194678
1 46279U 20061H   24070.92000715  .00048174  00000+0  11173-2 0  9992
2 46279  97.3623 142.1333 0003260 193.2549 166.8614 15.42247089194717
1 46279U 20061H   24071.17953563  .00043426  00000+0  10070-2 0  9998
2 46279  97.3623 142.3953 0003307 192.2106 167.9062 15.42276258194750
1 46279U 20061H   24072.15272984  .00045712  00000+0  10564-2 0  9996
2 46279  97.3619 143.3781 0003306 189.9881 170.1301 15.42366962194908
1 46279U 20061H   24073.19073818  .00046079  00000+0  10612-2 0  9997
2 46279  97.3614 144.4263 0003370 186.0715 174.0492 15.42469216195063
1 46279U 20061H   24074.16381023  .00047726  00000+0  10954-2 0  9994
2 46279  97.3612 145.4095 0003493 182.6651 177.4579 15.42562693195215
1 46279U 20061H   24074.74762455  .00047833  00000+0  10957-2 0  9992
2 46279  97.3602 145.9978 0003629 178.6791 181.4466 15.42620683195304
1 46279U 20061H   24075.65573268  .00045668  00000+0  10432-2 0  9997
2 46279  97.3587 146.9126 0003645 176.9751 183.1519 15.42714947195447
1 46279U 20061H   24075.91518097  .00049161  00000+0  11212-2 0  9994
2 46279  97.3597 147.1770 0003506 178.9231 181.2024 15.42745584195482
1 46279U 20061H   24076.43406648  .00044795  00000+0  10207-2 0  9991
2 46279  97.3598 147.7014 0003503 177.8510 182.2753 15.42794766195560
1 46279U 20061H   24076.75836107  .00043943  00000+0  10003-2 0  9991
2 46279  97.3604 148.0303 0003487 178.0680 182.0581 15.42828498195618
1 46279U 20061H   24077.53664140  .00048306  00000+0  10961-2 0  9995
2 46279  97.3606 148.8165 0003483 174.7719 185.3565 15.42902508195732
1 46279U 20061H   24077.73120538  .00047355  00000+0  10739-2 0  9991
2 46279  97.3606 149.0128 0003511 174.3400 185.7888 15.42924228195767
1 46279U 20061H   24078.18517769  .00046302  00000+0  10486-2 0  9997
2 46279  97.3604 149.4717 0003556 173.6415 186.4878 15.42970249195839
1 46279U 20061H   24078.63913512  .00051603  00000+0  11655-2 0  9992
2 46279  97.3605 149.9303 0003598 172.7375 187.3926 15.43024679195907
1 46279U 20061H   24079.15792476  .00068579  00000+0  15412-2 0  9999
2 46279  97.3606 150.4544 0003555 171.1109 189.0202 15.43096185195988
1 46279U 20061H   24080.13058594  .00067962  00000+0  15200-2 0  9995
2 46279  97.3609 151.4368 0003494 167.6559 192.4775 15.43243146196139
1 46279U 20061H   24080.71414225  .00066900  00000+0  14930-2 0  9996
2 46279  97.3619 152.0264 0003307 165.4291 194.7052 15.43313052196221
1 46279U 20061H   24081.16799619  .00076357  00000+0  16975-2 0  9997
2 46279  97.3606 152.4858 0003449 167.8735 192.2596 15.43386720196291
1 46279U 20061H   24081.75149443  .00085046  00000+0  18826-2 0  9998
2 46279  97.3605 153.0765 0003378 166.0749 194.0593 15.43477625196383
1 46279U 20061H   24082.14046977  .00094016  00000+0  20727-2 0  9990
2 46279  97.3603 153.4697 0003503 164.7663 195.3691 15.43561224196448
1 46279U 20061H   24082.72389895  .00069517  00000+0  15330-2 0  9995
2 46279  97.3600 154.0601 0003377 163.0332 197.1029 15.43657001196535
1 46279U 20061H   24083.17765021  .00068807  00000+0  15134-2 0  9997
2 46279  97.3599 154.5186 0003466 162.8795 197.2571 15.43737619196609
1 46279U 20061H   24083.76100690  .00093354  00000+0  20377-2 0  9997
2 46279  97.3595 155.1090 0003381 161.8380 198.2989 15.43860753196690
1 46279U 20061H   24083.89063518  .00094434  00000+0  20590-2 0  9995
2 46279  97.3594 155.2400 0003377 161.4774 198.6598 15.43889351196711
1 46279U 20061H   24084.47393180  .00096636  00000+0  20970-2 0  9999
2 46279  97.3593 155.8302 0003371 158.9528 201.1859 15.44021908196806
1 46279U 20061H   24084.73315894  .00142608  00000+0  30677-2 0  9990
2 46279  97.3593 156.0925 0003311 158.4528 201.6860 15.44096731196846
