1 54277U 22151U   24001.54504419  .00000346  00000+0  18937-3 0  9998
2 54277  98.8799  16.9842 0047491 242.8834 116.7492 14.17933773 58315
1 54277U 22151U   24001.96843289  .00000347  00000+0  18955-3 0  9996
2 54277  98.8801  17.4074 0047502 241.6822 117.9556 14.17934167 58377
1 54277U 22151U   24002.53295121  .00000350  00000+0  19129-3 0  9994
2 54277  98.8801  17.9719 0047514 240.0319 119.6135 14.17934675 58450
1 54277U 22151U   24003.02690471  .00000331  00000+0  18204-3 0  9998
2 54277  98.8800  18.4658 0047527 238.5799 121.0724 14.17934954 58524
1 54277U 22151U   24003.94424670  .00000347  00000+0  18951-3 0  9991
2 54277  98.8800  19.3830 0047553 235.9026 123.7631 14.17935716 58656
1 54277U 22151U   24004.50876476  .00000336  00000+0  18448-3 0  9998
2 54277  98.8799  19.9475 0047565 234.2480 125.4266 14.17936089 58739
1 54277U 22151U   24004.86158854  .00000327  00000+0  18001-3 0  9995
2 54277  98.8799  20.3003 0047572 233.2427 126.4376 14.17936267 58786
1 54277U 22151U   24005.56723576  .00000340  00000+0  18600-3 0  9992
2 54277  98.8799  21.0059 0047600 231.2014 128.4905 14.17936907 58889
1 54277U 22151U   24005.84949455  .00000346  00000+0  18914-3 0  9993
2 54277  98.8798  21.2881 0047611 230.3889 129.3078 14.17937170 58924
1 54277U 22151U   24006.48457687  .00000337  00000+0  18452-3 0  9992
2 54277  98.8798  21.9230 0047638 228.5425 131.1654 14.17937652 59010
1 54277U 22151U   24006.55514157  .00000341  00000+0  18652-3 0  9993
2 54277  98.8798  21.9936 0047642 228.3347 131.3745 14.17937727 59026
1 54277U 22151U   24006.97852972  .00000310  00000+0  17154-3 0  9991
2 54277  98.8798  22.4168 0047657 227.1080 132.6090 14.17937885 59084
1 54277U 22151U   24007.54304705  .00000352  00000+0  19199-3 0  9998
2 54277  98.8797  22.9812 0047678 225.4618 134.2658 14.17938598 59164
1 54277U 22151U   24008.24869358  .00000350  00000+0  19107-3 0  9993
2 54277  98.8797  23.6868 0047697 223.4358 136.3055 14.17939151 59264
1 54277U 22151U   24008.95433996  .00000357  00000+0  19446-3 0  9999
2 54277  98.8797  24.3923 0047720 221.3961 138.3594 14.17939741 59364
1 54277U 22151U   24009.58942153  .00000389  00000+0  20978-3 0  9996
2 54277  98.8796  25.0273 0047749 219.5374 140.2314 14.17940401 59454
1 54277U 22151U   24009.94224457  .00000386  00000+0  20830-3 0  9990
2 54277  98.8796  25.3801 0047760 218.5261 141.2502 14.17940651 59504
1 54277U 22151U   24010.01280917  .00000387  00000+0  20897-3 0  9997
2 54277  98.8796  25.4506 0047761 218.3212 141.4566 14.17940719 59510
1 54277U 22151U   24011.00071304  .00000453  00000+0  24088-3 0  9995
2 54277  98.8796  26.4385 0047798 215.4728 144.3265 14.17941960 59658
1 54277U 22151U   24011.56522922  .00000466  00000+0  24696-3 0  9992
2 54277  98.8796  27.0029 0047821 213.8435 145.9686 14.17942597 59734
1 54277U 22151U   24012.27087423  .00000491  00000+0  25933-3 0  9996
2 54277  98.8796  27.7085 0047848 211.8128 148.0154 14.17943443 59835
1 54277U 22151U   24012.55313209  .00000492  00000+0  25961-3 0  9993
2 54277  98.8796  27.9907 0047863 210.9972 148.8377 14.17943773 59879
1 54277U 22151U   24013.47046990  .00000488  00000+0  25773-3 0  9991
2 54277  98.8796  28.9079 0047908 208.3504 151.5063 14.17944760 60009
1 54277U 22151U   24013.54103435  .00000525  00000+0  27548-3 0  9991
2 54277  98.8796  28.9784 0047914 208.1424 151.7160 14.17945023 60012
1 54277U 22151U   24013.96442079  .00000517  00000+0  27170-3 0  9999
2 54277  98.8796  29.4017 0047933 206.9241 152.9445 14.17945443 60072
1 54277U 22151U   24014.95232194  .00000579  00000+0  30155-3 0  9999
2 54277  98.8796  30.3895 0047973 204.0727 155.8205 14.17946903 60213
1 54277U 22151U   24015.02288628  .00000580  00000+0  30182-3 0  9993
2 54277  98.8796  30.4600 0047977 203.8692 156.0258 14.17946991 60229
1 54277U 22151U   24016.50473679  .00000576  00000+0  30006-3 0  9999
2 54277  98.8797  31.9416 0048034 199.5994 160.3336 14.17948662 60437
1 54277U 22151U   24016.57530109  .00000560  00000+0  29217-3 0  9993
2 54277  98.8797  32.0121 0048037 199.3969 160.5379 14.17948644 60445
1 54277U 22151U   24017.28094352  .00000565  00000+0  29473-3 0  9996
2 54277  98.8796  32.7177 0048085 197.3595 162.5937 14.17949516 60540
1 54277U 22151U   24017.98658546  .00000550  00000+0  28766-3 0  9992
2 54277  98.8796  33.4233 0048121 195.3379 164.6340 14.17950352 60642
1 54277U 22151U   24018.55109872  .00000552  00000+0  28825-3 0  9997
2 54277  98.8796  33.9877 0048158 193.7170 166.2699 14.17951094 60720
1 54277U 22151U   24019.46843237  .00000545  00000+0  28522-3 0  9994
2 54277  98.8797  34.9049 0048188 191.0905 168.9212 14.17952196 60851
1 54277U 22151U   24019.96238088  .00000504  00000+0  26520-3 0  9992
2 54277  98.8796  35.3988 0048213 189.6791 170.3460 14.17952595 60925
1 54277U 22151U   24020.52689347  .00000532  00000+0  27895-3 0  9991
2 54277  98.8796  35.9632 0048240 188.0560 171.9845 14.17953383 61004
1 54277U 22151U   24020.95027766  .00000521  00000+0  27318-3 0  9997
2 54277  98.8796  36.3866 0048258 186.8469 173.2053 14.17953799 61064
1 54277U 22151U   24021.02084169  .00000519  00000+0  27222-3 0  9997
2 54277  98.8796  36.4571 0048268 186.6423 173.4117 14.17953866 61076
1 54277U 22151U   24021.72648178  .00000550  00000+0  28722-3 0  9991
2 54277  98.8796  37.1626 0048303 184.6115 175.4621 14.17954798 61179
1 54277U 22151U   24022.00873772  .00000498  00000+0  26247-3 0  9994
2 54277  98.8795  37.4448 0048321 183.8059 176.2755 14.17954847 61218
1 54277U 22151U   24022.50268546  .00000541  00000+0  28304-3 0  9991
2 54277  98.8795  37.9387 0048348 182.3893 177.7058 14.17955626 61289
1 54277U 22151U   24022.99663287  .00000479  00000+0  25301-3 0  9999
2 54277  98.8795  38.4326 0048373 180.9837 179.1251 14.17955882 61351
1 54277U 22151U   24024.54903786  .00000580  00000+0  30186-3 0  9993
2 54277  98.8794  39.9848 0048458 176.5538 183.5980 14.17958281 61576
1 54277U 22151U   24025.60749470  .00000532  00000+0  27860-3 0  9991
2 54277  98.8793  41.0430 0048507 173.5380 186.6431 14.17959264 61727
1 54277U 22151U   24025.96031346  .00000492  00000+0  25927-3 0  9993
2 54277  98.8794  41.3958 0048518 172.5342 187.6566 14.17959443 61779
1 54277U 22151U   24026.59538743  .00000492  00000+0  25930-3 0  9990
2 54277  98.8794  42.0308 0048550 170.7216 189.4867 14.17960004 61861
1 54277U 22151U   24027.01876974  .00000476  00000+0  25170-3 0  9997
2 54277  98.8794  42.4541 0048564 169.5185 190.7014 14.17960337 61925
1 54277U 22151U   24027.58327941  .00000501  00000+0  26346-3 0  9999
2 54277  98.8794  43.0186 0048571 167.9141 192.3212 14.17960979 62009
1 54277U 22151U   24027.72440675  .00000502  00000+0  26418-3 0  9996
2 54277  98.8794  43.1597 0048577 167.5100 192.7290 14.17961114 62027
1 54277U 22151U   24028.28891617  .00000434  00000+0  23105-3 0  9998
2 54277  98.8795  43.7241 0048606 165.9041 194.3503 14.17961253 62107
1 54277U 22151U   24028.57117065  .00000437  00000+0  23243-3 0  9994
2 54277  98.8795  44.0063 0048626 165.1026 195.1595 14.17961581 62148
1 54277U 22151U   24029.48849741  .00000435  00000+0  23176-3 0  9991
2 54277  98.8796  44.9235 0048682 162.5029 197.7836 14.17962520 62279
1 54277U 22151U   24029.84131533  .00000404  00000+0  21677-3 0  9994
2 54277  98.8796  45.2764 0048716 161.5052 198.7907 14.17962663 62327
1 54277U 22151U   24030.97033198  .00000352  00000+0  19178-3 0  9993
2 54277  98.8796  46.4053 0048761 158.3067 202.0187 14.17963450 62482
1 54277U 22151U   24031.25258603  .00000360  00000+0  19555-3 0  9993
2 54277  98.8797  46.6875 0048775 157.5025 202.8304 14.17963732 62524
1 54277U 22151U   24032.02878447  .00000343  00000+0  18707-3 0  9992
2 54277  98.8797  47.4637 0048801 155.3040 205.0487 14.17964268 62636
1 54277U 22151U   24032.87554604  .00000349  00000+0  18998-3 0  9999
2 54277  98.8797  48.3104 0048846 152.9045 207.4695 14.17964912 62758
1 54277U 22151U   24033.58118030  .00000357  00000+0  19371-3 0  9992
2 54277  98.8797  49.0160 0048867 150.8978 209.4936 14.17965489 62854
1 54277U 22151U   24033.72230710  .00000358  00000+0  19438-3 0  9993
2 54277  98.8797  49.1571 0048864 150.4937 209.9012 14.17965596 62870
1 54277U 22151U   24034.49850432  .00000372  00000+0  20110-3 0  9992
2 54277  98.8796  49.9332 0048915 148.3020 212.1116 14.17966273 62984
1 54277U 22151U   24034.78075761  .00000381  00000+0  20573-3 0  9991
2 54277  98.8796  50.2152 0048938 147.5050 212.9154 14.17966564 63027
1 54277U 22151U   24035.55695402  .00000404  00000+0  21666-3 0  9997
2 54277  98.8796  50.9914 0048971 145.3222 215.1162 14.17967384 63131
1 54277U 22151U   24035.83920715  .00000373  00000+0  20166-3 0  9995
2 54277  98.8795  51.2737 0048981 144.5278 215.9170 14.17967449 63173
1 54277U 22151U   24035.98033368  .00000372  00000+0  20112-3 0  9990
2 54277  98.8795  51.4148 0048983 144.1323 216.3157 14.17967579 63196
1 54277U 22151U   24036.54483970  .00000406  00000+0  21738-3 0  9994
2 54277  98.8795  51.9793 0049009 142.5425 217.9181 14.17968263 63276
1 54277U 22151U   24036.82709263  .00000398  00000+0  21344-3 0  9994
2 54277  98.8794  52.2615 0049023 141.7453 218.7217 14.17968440 63311
1 54277U 22151U   24037.46216143  .00000428  00000+0  22812-3 0  9990
2 54277  98.8795  52.8965 0049047 139.9522 220.5285 14.17969178 63403
1 54277U 22151U   24037.60328781  .00000420  00000+0  22446-3 0  9993
2 54277  98.8795  53.0376 0049051 139.5547 220.9291 14.17969247 63420
1 54277U 22151U   24037.95610360  .00000459  00000+0  24308-3 0  9999
2 54277  98.8794  53.3903 0049065 138.5566 221.9347 14.17969762 63473
1 54277U 22151U   24038.59117190  .00000485  00000+0  25582-3 0  9997
2 54277  98.8794  54.0253 0049092 136.7610 223.7435 14.17970434 63565
1 54277U 22151U   24038.80286123  .00000489  00000+0  25781-3 0  9999
2 54277  98.8794  54.2370 0049098 136.1649 224.3439 14.17970631 63592
1 54277U 22151U   24039.57905500  .00000546  00000+0  28502-3 0  9999
2 54277  98.8794  55.0131 0049126 133.9759 226.5483 14.17971692 63709
1 54277U 22151U   24039.86130710  .00000533  00000+0  27891-3 0  9990
2 54277  98.8794  55.2954 0049139 133.1849 227.3447 14.17971902 63747
1 54277U 22151U   24040.00243311  .00000533  00000+0  27880-3 0  9998
2 54277  98.8794  55.4365 0049143 132.7896 227.7427 14.17972065 63762
1 54277U 22151U   24040.56693706  .00000541  00000+0  28272-3 0  9991
2 54277  98.8794  56.0009 0049169 131.2065 229.3364 14.17972714 63842
1 54277U 22151U   24041.27256635  .00000594  00000+0  30844-3 0  9992
2 54277  98.8794  56.7065 0049194 129.2282 231.3275 14.17973824 63945
1 54277U 22151U   24042.26044674  .00000504  00000+0  26489-3 0  9991
2 54277  98.8795  57.6943 0049215 126.4490 234.1236 14.17974471 64088
1 54277U 22151U   24042.96607477  .00000481  00000+0  25372-3 0  9998
2 54277  98.8795  58.3999 0049233 124.4685 236.1155 14.17975214 64180
1 54277U 22151U   24043.95395326  .00000506  00000+0  26586-3 0  9991
2 54277  98.8795  59.3877 0049264 121.6920 238.9072 14.17976484 64325
1 54277U 22151U   24044.02451599  .00000505  00000+0  26531-3 0  9994
2 54277  98.8795  59.4582 0049266 121.4952 239.1050 14.17976555 64333
1 54277U 22151U   24044.58901748  .00000691  00000+0  35498-3 0  9999
2 54277  98.8795  60.0227 0049272 119.9055 240.7028 14.17978178 64415
1 54277U 22151U   24044.94183066  .00000701  00000+0  35988-3 0  9990
2 54277  98.8795  60.3755 0049283 118.9079 241.7053 14.17978661 64462
1 54277U 22151U   24045.57689408  .00000652  00000+0  33636-3 0  9994
2 54277  98.8795  61.0105 0049301 117.1269 243.4946 14.17979194 64554
1 54277U 22151U   24045.78858174  .00000653  00000+0  33684-3 0  9999
2 54277  98.8795  61.2222 0049306 116.5357 244.0885 14.17979459 64588
1 54277U 22151U   24045.85914423  .00000661  00000+0  34043-3 0  9996
2 54277  98.8796  61.2928 0049313 116.3430 244.2821 14.17979610 64592
1 54277U 22151U   24046.56476955  .00000615  00000+0  31836-3 0  9994
2 54277  98.8796  61.9983 0049337 114.3720 246.2615 14.17980268 64691
1 54277U 22151U   24046.77645697  .00000612  00000+0  31702-3 0  9997
2 54277  98.8795  62.2100 0049342 113.7825 246.8535 14.17980521 64723
1 54277U 22151U   24046.98814442  .00000578  00000+0  30019-3 0  9997
2 54277  98.8795  62.4217 0049346 113.1936 247.4447 14.17980606 64751
1 54277U 22151U   24047.27039405  .00000592  00000+0  30711-3 0  9993
2 54277  98.8796  62.7039 0049350 112.4022 248.2391 14.17981100 64791
1 54277U 22151U   24047.83489346  .00000518  00000+0  27154-3 0  9993
2 54277  98.8796  63.2684 0049356 110.8243 249.8228 14.17981419 64874
1 54277U 22151U   24048.32883010  .00000555  00000+0  28947-3 0  9996
2 54277  98.8795  63.7624 0049357 109.4227 251.2291 14.17982252 64940
1 54277U 22151U   24048.54051709  .00000545  00000+0  28443-3 0  9992
2 54277  98.8795  63.9741 0049360 108.8306 251.8231 14.17982496 64970
1 54277U 22151U   24048.75220408  .00000542  00000+0  28317-3 0  9996
2 54277  98.8795  64.1858 0049363 108.2367 252.4189 14.17982729 65009
1 54277U 22151U   24049.45782700  .00000571  00000+0  29690-3 0  9999
2 54277  98.8795  64.8914 0049373 106.2597 254.4017 14.17983769 65101
1 54277U 22151U   24049.95176279  .00000544  00000+0  28421-3 0  9993
2 54277  98.8795  65.3853 0049372 104.8729 255.7921 14.17984183 65175
1 54277U 22151U   24050.58682290  .00000540  00000+0  28187-3 0  9994
2 54277  98.8795  66.0203 0049394 103.1032 257.5662 14.17984838 65264
1 54277U 22151U   24050.79850945  .00000540  00000+0  28228-3 0  9997
2 54277  98.8794  66.2320 0049392 102.5103 258.1604 14.17985066 65295
1 54277U 22151U   24050.93963382  .00000477  00000+0  25143-3 0  9995
2 54277  98.8794  66.3731 0049392 102.1146 258.5568 14.17984889 65313
1 54277U 22151U   24051.57469313  .00000497  00000+0  26142-3 0  9993
2 54277  98.8794  67.0081 0049409 100.3445 260.3305 14.17985731 65407
1 54277U 22151U   24051.99806574  .00000470  00000+0  24830-3 0  9996
2 54277  98.8793  67.4315 0049409  99.1614 261.5155 14.17986073 65465
1 54277U 22151U   24052.56256236  .00000420  00000+0  22412-3 0  9993
2 54277  98.8793  67.9959 0049410  97.5854 263.0937 14.17986442 65548
1 54277U 22151U   24052.91537251  .00000407  00000+0  21773-3 0  9995
2 54277  98.8793  68.3487 0049410  96.5998 264.0805 14.17986771 65592
1 54277U 22151U   24053.26818265  .00000403  00000+0  21605-3 0  9991
2 54277  98.8793  68.7015 0049417  95.6160 265.0654 14.17987127 65646
1 54277U 22151U   24053.76211655  .00000391  00000+0  21034-3 0  9998
2 54277  98.8792  69.1955 0049415  94.2347 266.4477 14.17987603 65718
1 54277U 22151U   24054.60886004  .00000411  00000+0  21998-3 0  9990
2 54277  98.8793  70.0422 0049416  91.8640 268.8196 14.17988549 65836
1 54277U 22151U   24054.74998388  .00000411  00000+0  21981-3 0  9996
2 54277  98.8793  70.1833 0049416  91.4684 269.2153 14.17988669 65850
1 54277U 22151U   24054.89110774  .00000390  00000+0  20988-3 0  9999
2 54277  98.8792  70.3244 0049414  91.0730 269.6107 14.17988689 65870
1 54277U 22151U   24055.59672665  .00000462  00000+0  24430-3 0  9995
2 54277  98.8793  71.0300 0049417  89.1001 271.5835 14.17989705 65975
1 54277U 22151U   24055.80841223  .00000465  00000+0  24593-3 0  9990
2 54277  98.8793  71.2417 0049415  88.5074 272.1760 14.17989894 66005
1 54277U 22151U   24056.51403053  .00000461  00000+0  24410-3 0  9998
2 54277  98.8793  71.9473 0049416  86.5386 274.1440 14.17990514 66108
1 54277U 22151U   24056.79627766  .00000468  00000+0  24730-3 0  9999
2 54277  98.8793  72.2295 0049414  85.7466 274.9353 14.17990799 66142
1 54277U 22151U   24057.00796307  .00000474  00000+0  25028-3 0  9990
2 54277  98.8793  72.4412 0049412  85.1532 275.5282 14.17991015 66174
1 54277U 22151U   24057.57245707  .00000465  00000+0  24591-3 0  9999
2 54277  98.8793  73.0057 0049409  83.5774 277.1024 14.17991504 66256
1 54277U 22151U   24058.48975909  .00000434  00000+0  23111-3 0  9997
2 54277  98.8793  73.9230 0049399  81.0178 279.6584 14.17992267 66386
1 54277U 22151U   24058.77200579  .00000415  00000+0  22170-3 0  9996
2 54277  98.8793  74.2052 0049393  80.2291 280.4456 14.17992398 66421
1 54277U 22151U   24059.54818377  .00000363  00000+0  19680-3 0  9997
2 54277  98.8794  74.9814 0049385  78.0610 282.6095 14.17992885 66532
1 54277U 22151U   24059.83043017  .00000358  00000+0  19438-3 0  9995
2 54277  98.8794  75.2637 0049384  77.2720 283.3969 14.17993103 66577
1 54277U 22151U   24060.53604593  .00000347  00000+0  18881-3 0  9995
2 54277  98.8794  75.9693 0049374  75.2984 285.3656 14.17993685 66676
1 54277U 22151U   24060.81829216  .00000343  00000+0  18708-3 0  9991
2 54277  98.8794  76.2516 0049372  74.5063 286.1557 14.17993877 66719
1 54277U 22151U   24061.02997681  .00000343  00000+0  18683-3 0  9999
2 54277  98.8794  76.4633 0049369  73.9123 286.7480 14.17994044 66748
1 54277U 22151U   24061.59446890  .00000369  00000+0  19968-3 0  9997
2 54277  98.8794  77.0277 0049365  72.3345 288.3211 14.17994651 66827
1 54277U 22151U   24061.87671494  .00000363  00000+0  19680-3 0  9993
2 54277  98.8794  77.3100 0049361  71.5429 289.1102 14.17994810 66864
1 54277U 22151U   24062.30008378  .00000394  00000+0  21181-3 0  9990
2 54277  98.8794  77.7334 0049357  70.3619 290.2874 14.17995304 66925
1 54277U 22151U   24062.58232957  .00000400  00000+0  21464-3 0  9994
2 54277  98.8794  78.0156 0049352  69.5724 291.0741 14.17995575 66969
1 54277U 22151U   24062.86457534  .00000387  00000+0  20840-3 0  9996
2 54277  98.8793  78.2979 0049347  68.7829 291.8607 14.17995706 67005
1 54277U 22151U   24063.28794376  .00000421  00000+0  22447-3 0  9995
2 54277  98.8793  78.7212 0049339  67.6021 293.0371 14.17996243 67068
1 54277U 22151U   24063.78187345  .00000398  00000+0  21372-3 0  9991
2 54277  98.8792  79.2151 0049327  66.2197 294.4139 14.17996526 67130
1 54277U 22151U   24064.27580257  .00000428  00000+0  22796-3 0  9990
2 54277  98.8792  79.7091 0049313  64.8400 295.7878 14.17997215 67202
1 54277U 22151U   24064.84029305  .00000388  00000+0  20885-3 0  9997
2 54277  98.8792  80.2736 0049295  63.2535 297.3672 14.17997508 67289
1 54277U 22151U   24065.54590545  .00000430  00000+0  22895-3 0  9995
2 54277  98.8791  80.9792 0049273  61.2764 299.3349 14.17998478 67386
1 54277U 22151U   24066.03983393  .00000469  00000+0  24800-3 0  9997
2 54277  98.8791  81.4731 0049256  59.8863 300.7181 14.17999164 67451
1 54277U 22151U   24066.46320107  .00000457  00000+0  24224-3 0  9999
2 54277  98.8791  81.8965 0049247  58.7025 301.8958 14.17999511 67519
1 54277U 22151U   24067.59217924  .00000484  00000+0  25495-3 0  9997
2 54277  98.8790  83.0255 0049216  55.5390 305.0420 14.18000735 67679
1 54277U 22151U   24068.01554573  .00000487  00000+0  25640-3 0  9994
2 54277  98.8790  83.4489 0049200  54.3528 306.2214 14.18001168 67737
1 54277U 22151U   24068.50947311  .00000480  00000+0  25301-3 0  9991
2 54277  98.8790  83.9428 0049188  52.9728 307.5932 14.18001633 67802
1 54277U 22151U   24068.86227823  .00000446  00000+0  23660-3 0  9997
2 54277  98.8789  84.2956 0049176  51.9823 308.5776 14.18001798 67856
1 54277U 22151U   24069.28564407  .00000496  00000+0  26078-3 0  9997
2 54277  98.8789  84.7190 0049160  50.7984 309.7541 14.18002556 67912
1 54277U 22151U   24069.49732701  .00000437  00000+0  23263-3 0  9992
2 54277  98.8789  84.9307 0049151  50.2034 310.3453 14.18002487 67941
1 54277U 22151U   24069.77957082  .00000430  00000+0  22878-3 0  9998
2 54277  98.8789  85.2129 0049131  49.4062 311.1372 14.18002728 67987
1 54277U 22151U   24070.27349737  .00000421  00000+0  22483-3 0  9999
2 54277  98.8790  85.7068 0049108  48.0231 312.5112 14.18003209 68054
1 54277U 22151U   24070.76742367  .00000392  00000+0  21064-3 0  9990
2 54277  98.8789  86.2008 0049085  46.6350 313.8898 14.18003574 68120
1 54277U 22151U   24071.26134985  .00000375  00000+0  20245-3 0  9998
2 54277  98.8789  86.6947 0049067  45.2460 315.2691 14.18003977 68194
1 54277U 22151U   24072.03751910  .00000358  00000+0  19431-3 0  9993
2 54277  98.8789  87.4709 0049033  43.0572 317.4423 14.18004644 68304
1 54277U 22151U   24073.30761355  .00000353  00000+0  19172-3 0  9995
2 54277  98.8789  88.7410 0048992  39.4813 320.9915 14.18005656 68485
1 54277U 22151U   24073.87209945  .00000390  00000+0  20957-3 0  9993
2 54277  98.8789  89.3055 0048970  37.8918 322.5687 14.18006343 68568
1 54277U 22151U   24074.29546386  .00000395  00000+0  21236-3 0  9999
2 54277  98.8789  89.7288 0048950  36.7028 323.7483 14.18006700 68629
1 54277U 22151U   24074.50714589  .00000387  00000+0  20810-3 0  9993
2 54277  98.8789  89.9405 0048939  36.1066 324.3397 14.18006872 68659
1 54277U 22151U   24075.28331329  .00000391  00000+0  21025-3 0  9990
2 54277  98.8788  90.7167 0048893  33.9228 326.5057 14.18007554 68764
1 54277U 22151U   24075.98891966  .00000380  00000+0  20509-3 0  9999
2 54277  98.8787  91.4223 0048862  31.9279 328.4841 14.18008112 68868
1 54277U 22151U   24076.48284391  .00000369  00000+0  19973-3 0  9993
2 54277  98.8787  91.9162 0048837  30.5382 329.8620 14.18008492 68936
1 54277U 22151U   24077.54125234  .00000344  00000+0  18739-3 0  9993
2 54277  98.8787  92.9746 0048776  27.5396 332.8348 14.18009276 69087
1 54277U 22151U   24077.82349450  .00000356  00000+0  19329-3 0  9991
2 54277  98.8787  93.2569 0048762  26.7420 333.6254 14.18009545 69127
1 54277U 22151U   24078.03517607  .00000357  00000+0  19407-3 0  9994
2 54277  98.8786  93.4686 0048754  26.1406 334.2215 14.18009737 69157
1 54277U 22151U   24078.81134149  .00000379  00000+0  20468-3 0  9999
2 54277  98.8786  94.2448 0048718  23.9480 336.3946 14.18010486 69268
1 54277U 22151U   24079.30526462  .00000452  00000+0  23958-3 0  9996
2 54277  98.8786  94.7387 0048694  22.5505 337.7795 14.18011314 69337
1 54277U 22151U   24080.01086864  .00000491  00000+0  25842-3 0  9990
2 54277  98.8785  95.4444 0048647  20.5450 339.7667 14.18012208 69437
1 54277U 22151U   24080.57535171  .00000558  00000+0  29073-3 0  9995
2 54277  98.8784  96.0089 0048618  18.9496 341.3474 14.18013088 69518
1 54277U 22151U   24080.99871353  .00000573  00000+0  29831-3 0  9995
2 54277  98.8783  96.4322 0048578  17.7438 342.5419 14.18013662 69575
1 54277U 22151U   24081.84543678  .00000639  00000+0  33000-3 0  9992
2 54277  98.8783  97.2789 0048546  15.3418 344.9216 14.18015026 69698
1 54277U 22151U   24082.26879822  .00000614  00000+0  31811-3 0  9993
2 54277  98.8783  97.7022 0048500  14.1337 346.1183 14.18015395 69753
1 54277U 22151U   24082.97440000  .00000597  00000+0  30971-3 0  9999
2 54277  98.8782  98.4078 0048469  12.1178 348.1151 14.18016247 69851
1 54277U 22151U   24083.89168104  .00000686  00000+0  35279-3 0  9998
2 54277  98.8781  99.3253 0048428   9.4992 350.7088 14.18018119 69985
1 54277U 22151U   24084.03280117  .00000685  00000+0  35234-3 0  9994
2 54277  98.8781  99.4664 0048424   9.0974 351.1067 14.18018329 70004
1 54277U 22151U   24084.31504136  .00000770  00000+0  39333-3 0  9994
2 54277  98.8781  99.7486 0048408   8.3000 351.8965 14.18019180 70047
1 54277U 22151U   24084.95007807  .00001855  00000+0  91651-3 0  9993
2 54277  98.8780 100.3837 0048376   6.4894 353.6898 14.18026924 70138
1 54277U 22151U   24085.51455948  .00001200  00000+0  60069-3 0  9992
2 54277  98.8780 100.9482 0048330   4.8868 355.2769 14.18023767 70219
1 54277U 22151U   24085.86735892  .00001072  00000+0  53894-3 0  9994
2 54277  98.8780 101.3009 0048332   3.8989 356.2553 14.18023684 70269
1 54277U 22151U   24086.29071776  .00001040  00000+0  52351-3 0  9998
2 54277  98.8780 101.7243 0048298   2.6804 357.4621 14.18024335 70327
1 54277U 22151U   24086.85519687  .00000778  00000+0  39714-3 0  9993
2 54277  98.8780 102.2888 0048267   1.0553 359.0715 14.18023729 70405
1 54277U 22151U   24087.56079426  .00000670  00000+0  34496-3 0  9997
2 54277  98.8780 102.9944 0048217 359.0272   1.0802 14.18024470 70500
1 54277U 22151U   24087.98415256  .00000661  00000+0  34063-3 0  9998
2 54277  98.8779 103.4178 0048202 357.8281   2.2677 14.18025143 70560
1 54277U 22151U   24088.47807038  .00000689  00000+0  35426-3 0  9990
2 54277  98.8779 103.9117 0048167 356.4141   3.6682 14.18026123 70636
1 54277U 22151U   24088.97198773  .00000660  00000+0  34034-3 0  9997
2 54277  98.8779 104.4056 0048136 354.9932   5.0755 14.18026820 70700
1 54277U 22151U   24089.53646428  .00000696  00000+0  35774-3 0  9996
2 54277  98.8779 104.9701 0048095 353.3726   6.6807 14.18028018 70784
1 54277U 22151U   24089.95982193  .00000696  00000+0  35767-3 0  9996
2 54277  98.8778 105.3935 0048072 352.1586   7.8832 14.18028584 70849
1 54277U 22151U   24090.59485799  .00000564  00000+0  29367-3 0  9991
2 54277  98.8778 106.0285 0048039 350.3508   9.6739 14.18028761 70935
1 54277U 22151U   24090.87709587  .00000719  00000+0  36888-3 0  9994
2 54277  98.8777 106.3107 0048020 349.5376  10.4795 14.18030021 70971
1 54277U 22151U   24090.94765535  .00000720  00000+0  36910-3 0  9995
2 54277  98.8777 106.3813 0048017 349.3344  10.6808 14.18030134 70987
1 54277U 22151U   24091.58269128  .00000515  00000+0  27038-3 0  9996
2 54277  98.8777 107.0163 0047979 347.5112  12.4870 14.18029743 71076
1 54277U 22151U   24091.86492928  .00000516  00000+0  27058-3 0  9996
2 54277  98.8777 107.2986 0047958 346.6849  13.3057 14.18030047 71116
1 54277U 22151U   24092.00604824  .00000510  00000+0  26787-3 0  9995
2 54277  98.8777 107.4397 0047956 346.2751  13.7117 14.18030186 71137
1 54277U 22151U   24092.57052393  .00000482  00000+0  25453-3 0  9992
2 54277  98.8776 108.0042 0047920 344.6524  15.3195 14.18030712 71219
1 54277U 22151U   24093.55835605  .00000430  00000+0  22922-3 0  9997
2 54277  98.8775 108.9920 0047854 341.8015  18.1445 14.18031526 71350
1 54277U 22151U   24093.77003425  .00000424  00000+0  22651-3 0  9990
2 54277  98.8775 109.2037 0047848 341.1892  18.7513 14.18031713 71385
1 54277U 22151U   24094.26395015  .00000416  00000+0  22244-3 0  9993
2 54277  98.8774 109.6976 0047822 339.7682  20.1597 14.18032160 71456
1 54277U 22151U   24094.75786579  .00000391  00000+0  21048-3 0  9999
2 54277  98.8774 110.1916 0047801 338.3452  21.5701 14.18032539 71524
1 54277U 22151U   24094.96954393  .00000387  00000+0  20868-3 0  9997
2 54277  98.8773 110.4032 0047793 337.7332  22.1767 14.18032725 71554
1 54277U 22151U   24095.60457820  .00000346  00000+0  18867-3 0  9993
2 54277  98.8773 111.0383 0047760 335.9038  23.9902 14.18033090 71643
1 54277U 22151U   24096.02793426  .00000350  00000+0  19081-3 0  9999
2 54277  98.8772 111.4617 0047741 334.6812  25.2024 14.18033487 71708
1 54277U 22151U   24096.59240894  .00000332  00000+0  18183-3 0  9999
2 54277  98.8772 112.0262 0047709 333.0559  26.8140 14.18033857 71781
1 54277U 22151U   24096.87464620  .00000331  00000+0  18131-3 0  9997
2 54277  98.8772 112.3084 0047694 332.2390  27.6240 14.18034077 71823
1 54277U 22151U   24097.01576488  .00000325  00000+0  17884-3 0  9997
2 54277  98.8771 112.4495 0047686 331.8290  28.0307 14.18034155 71842
1 54277U 22151U   24097.86247652  .00000326  00000+0  17935-3 0  9996
2 54277  98.8771 113.2962 0047637 329.3745  30.4651 14.18034825 71969
1 54277U 22151U   24098.28583225  .00000341  00000+0  18622-3 0  9993
2 54277  98.8770 113.7196 0047617 328.1510  31.6788 14.18035233 72023
1 54277U 22151U   24098.92086558  .00000332  00000+0  18182-3 0  9992
2 54277  98.8769 114.3546 0047579 326.2949  33.5203 14.18035719 72111
1 54277U 22151U   24098.99142483  .00000330  00000+0  18093-3 0  9998
2 54277  98.8769 114.4252 0047576 326.0909  33.7227 14.18035772 72125
1 54277U 22151U   24099.48533954  .00000342  00000+0  18667-3 0  9990
2 54277  98.8769 114.9191 0047548 324.6567  35.1459 14.18036256 72193
1 54277U 22151U   24099.97925413  .00000330  00000+0  18109-3 0  9997
2 54277  98.8769 115.4130 0047527 323.2143  36.5773 14.18036597 72264
1 54277U 22151U   24100.26149104  .00000317  00000+0  17467-3 0  9998
2 54277  98.8769 115.6952 0047510 322.3921  37.3934 14.18036743 72300
1 54277U 22151U   24100.75540546  .00000328  00000+0  18032-3 0  9998
2 54277  98.8768 116.1891 0047490 320.9578  38.8172 14.18037215 72378
1 54277U 22151U   24101.31987908  .00000322  00000+0  17703-3 0  9996
2 54277  98.8768 116.7536 0047468 319.3250  40.4383 14.18037618 72453
1 54277U 22151U   24102.58994441  .00000327  00000+0  17963-3 0  9999
2 54277  98.8767 118.0236 0047413 315.6375  44.1005 14.18038564 72634
1 54277U 22151U   24103.57777250  .00000354  00000+0  19290-3 0  9991
2 54277  98.8766 119.0114 0047368 312.7585  46.9609 14.18039459 72778
1 54277U 22151U   24103.93056806  .00000349  00000+0  19011-3 0  9993
2 54277  98.8765 119.3641 0047360 311.7402  47.9728 14.18039727 72821
1 54277U 22151U   24104.00112719  .00000348  00000+0  18979-3 0  9999
2 54277  98.8765 119.4347 0047359 311.5376  48.1741 14.18039783 72832
1 54277U 22151U   24104.56560004  .00000380  00000+0  20532-3 0  9998
2 54277  98.8765 119.9991 0047337 309.8978  49.8039 14.18040435 72919
1 54277U 22151U   24105.48286797  .00000416  00000+0  22286-3 0  9992
2 54277  98.8763 120.9164 0047301 307.1910  52.4951 14.18041472 73049
1 54277U 22151U   24105.55342698  .00000457  00000+0  24257-3 0  9998
2 54277  98.8763 120.9869 0047299 306.9816  52.7034 14.18041764 73059
1 54277U 22151U   24106.47069439  .00000503  00000+0  26461-3 0  9990
2 54277  98.8763 121.9041 0047272 304.3049  55.3656 14.18042910 73180
1 54277U 22151U   24106.96460731  .00000540  00000+0  28225-3 0  9995
2 54277  98.8761 122.3980 0047262 302.8729  56.7902 14.18043624 73252
1 54277U 22151U   24108.02299111  .00000734  00000+0  37630-3 0  9991
2 54277  98.8760 123.4563 0047227 299.7885  59.8597 14.18045997 73404
1 54277U 22151U   24108.58746237  .00000730  00000+0  37424-3 0  9995
2 54277  98.8759 124.0207 0047202 298.1490  61.4920 14.18046652 73488
1 54277U 22151U   24108.86969752  .00000781  00000+0  39852-3 0  9998
2 54277  98.8759 124.3030 0047190 297.3058  62.3316 14.18047374 73528
1 54277U 22151U   24109.57528578  .00000785  00000+0  40052-3 0  9992
2 54277  98.8758 125.0085 0047167 295.2291  64.3998 14.18048413 73629
1 54277U 22151U   24110.56310756  .00000892  00000+0  45221-3 0  9992
2 54277  98.8758 125.9961 0047162 292.3233  67.2947 14.18050804 73768
1 54277U 22151U   24110.84534108  .00001028  00000+0  51783-3 0  9994
2 54277  98.8757 126.2783 0047155 291.4870  68.1281 14.18052385 73804
1 54277U 22151U   24111.48036941  .00000940  00000+0  47543-3 0  9998
2 54277  98.8757 126.9133 0047150 289.6082  70.0007 14.18052941 73894
1 54277U 22151U   24111.97427927  .00000916  00000+0  46366-3 0  9995
2 54277  98.8756 127.4072 0047145 288.1538  71.4507 14.18053828 73968
1 54277U 22151U   24112.25651339  .00000907  00000+0  45973-3 0  9996
2 54277  98.8756 127.6894 0047138 287.3641  72.2382 14.18054371 74000
1 54277U 22151U   24112.82098079  .00001028  00000+0  51779-3 0  9991
2 54277  98.8755 128.2538 0047129 285.7110  73.8869 14.18056336 74082
1 54277U 22151U   24113.03265608  .00001022  00000+0  51513-3 0  9999
2 54277  98.8754 128.4655 0047127 285.0958  74.5005 14.18056786 74117
1 54277U 22151U   24113.94991517  .00000952  00000+0  48139-3 0  9995
2 54277  98.8754 129.3826 0047112 282.4109  77.1795 14.18058388 74249
1 54277U 22151U   24114.51438184  .00000892  00000+0  45235-3 0  9992
2 54277  98.8754 129.9470 0047102 280.7613  78.8261 14.18059285 74322
1 54277U 22151U   24114.58494016  .00000888  00000+0  45042-3 0  9996
2 54277  98.8753 130.0176 0047099 280.5612  79.0259 14.18059408 74337
1 54277U 22151U   24114.93773143  .00000905  00000+0  45826-3 0  9996
2 54277  98.8753 130.3703 0047100 279.5410  80.0444 14.18060288 74384
1 54277U 22151U   24115.50219731  .00000915  00000+0  46330-3 0  9990
2 54277  98.8753 130.9348 0047094 277.9044  81.6787 14.18061603 74460
1 54277U 22151U   24115.85498822  .00000945  00000+0  47782-3 0  9993
2 54277  98.8752 131.2875 0047095 276.8528  82.7290 14.18062530 74511
1 54277U 22151U   24115.92554637  .00000942  00000+0  47619-3 0  9994
2 54277  98.8752 131.3581 0047097 276.6492  82.9324 14.18062679 74521
1 54277U 22151U   24116.56056969  .00000851  00000+0  43225-3 0  9998
2 54277  98.8753 131.9930 0047104 274.7606  84.8191 14.18063605 74614
1 54277U 22151U   24116.84280219  .00000976  00000+0  49252-3 0  9990
2 54277  98.8752 132.2752 0047107 273.9450  85.6340 14.18064831 74651
1 54277U 22151U   24116.98391831  .00000972  00000+0  49057-3 0  9997
2 54277  98.8752 132.4164 0047117 273.5245  86.0541 14.18065138 74670
1 54277U 22151U   24117.26615075  .00000811  00000+0  41290-3 0  9991
2 54277  98.8752 132.6985 0047113 272.7029  86.8753 14.18064845 74712
1 54277U 22151U   24117.97173108  .00000836  00000+0  42524-3 0  9993
2 54277  98.8751 133.4040 0047117 270.6401  88.9375 14.18066460 74816
1 54277U 22151U   24118.32452122  .00000885  00000+0  44859-3 0  9996
2 54277  98.8751 133.7568 0047116 269.5988  89.9788 14.18067379 74864
1 54277U 22151U   24118.74786919  .00000726  00000+0  37215-3 0  9998
2 54277  98.8751 134.1801 0047118 268.3492  91.2286 14.18067340 74922
1 54277U 22151U   24119.52400711  .00000593  00000+0  30811-3 0  9995
2 54277  98.8750 134.9561 0047120 266.0747  93.5040 14.18067941 75036
1 54277U 22151U   24119.59456508  .00000589  00000+0  30598-3 0  9994
2 54277  98.8750 135.0266 0047120 265.8675  93.7114 14.18068024 75045
1 54277U 22151U   24119.94735493  .00000573  00000+0  29839-3 0  9995
2 54277  98.8749 135.3794 0047125 264.8341  94.7455 14.18068469 75093
1 54277U 22151U   24120.58237643  .00000522  00000+0  27371-3 0  9994
2 54277  98.8749 136.0143 0047127 262.9636  96.6178 14.18069156 75184
1 54277U 22151U   24120.79405024  .00000508  00000+0  26706-3 0  9992
2 54277  98.8748 136.2260 0047130 262.3394  97.2427 14.18069366 75215
1 54277U 22151U   24121.57018736  .00000487  00000+0  25690-3 0  9996
2 54277  98.8747 137.0020 0047139 260.0612  99.5240 14.18070316 75321
1 54277U 22151U   24121.85241892  .00000482  00000+0  25449-3 0  9995
2 54277  98.8747 137.2841 0047148 259.2366 100.3499 14.18070650 75362
1 54277U 22151U   24122.48743993  .00000422  00000+0  22530-3 0  9996
2 54277  98.8746 137.9191 0047157 257.3780 102.2119 14.18071132 75451
1 54277U 22151U   24122.76967141  .00000409  00000+0  21916-3 0  9992
2 54277  98.8746 138.2013 0047166 256.5484 103.0432 14.18071382 75498
1 54277U 22151U   24123.26357650  .00000405  00000+0  21722-3 0  9997
2 54277  98.8745 138.6951 0047176 255.1031 104.4917 14.18071908 75561
1 54277U 22151U   24124.53361777  .00000360  00000+0  19548-3 0  9996
2 54277  98.8744 139.9650 0047198 251.3933 108.2113 14.18072940 75740
1 54277U 22151U   24124.60417561  .00000360  00000+0  19543-3 0  9992
2 54277  98.8744 140.0355 0047199 251.1866 108.4186 14.18072997 75754
1 54277U 22151U   24124.95696478  .00000352  00000+0  19149-3 0  9999
2 54277  98.8743 140.3882 0047206 250.1565 109.4518 14.18073250 75804
1 54277U 22151U   24126.01533217  .00000392  00000+0  21095-3 0  9996
2 54277  98.8742 141.4464 0047226 247.0566 112.5621 14.18074305 75957
1 54277U 22151U   24126.50923694  .00000415  00000+0  22215-3 0  9993
2 54277  98.8742 141.9402 0047236 245.6092 114.0149 14.18074794 76026
1 54277U 22151U   24126.79146810  .00000418  00000+0  22329-3 0  9990
2 54277  98.8742 142.2224 0047243 244.7843 114.8430 14.18075024 76066
1 54277U 22151U   24127.28537237  .00000428  00000+0  22819-3 0  9997
2 54277  98.8741 142.7162 0047264 243.3382 116.2949 14.18075571 76133
1 54277U 22151U   24127.56760350  .00000454  00000+0  24091-3 0  9995
2 54277  98.8741 142.9984 0047274 242.5136 117.1229 14.18075954 76176
1 54277U 22151U   24127.77927671  .00000410  00000+0  21936-3 0  9996
2 54277  98.8741 143.2101 0047285 241.8917 117.7474 14.18075912 76208
1 54277U 22151U   24128.48485423  .00000403  00000+0  21626-3 0  9997
2 54277  98.8741 143.9155 0047316 239.8311 119.8172 14.18076524 76303
1 54277U 22151U   24128.90820049  .00000373  00000+0  20175-3 0  9995
2 54277  98.8740 144.3388 0047334 238.5937 121.0604 14.18076776 76365
1 54277U 22151U   24129.54321992  .00000424  00000+0  22610-3 0  9992
2 54277  98.8739 144.9736 0047356 236.7396 122.9237 14.18077637 76458
1 54277U 22151U   24129.75489301  .00000424  00000+0  22635-3 0  9991
2 54277  98.8739 145.1853 0047363 236.1248 123.5417 14.18077816 76488
1 54277U 22151U   24129.96656595  .00000378  00000+0  20396-3 0  9995
2 54277  98.8739 145.3969 0047372 235.5085 124.1611 14.18077820 76512
1 54277U 22151U   24131.02493092  .00000591  00000+0  30693-3 0  9994
2 54277  98.8738 146.4550 0047409 232.4204 127.2661 14.18079937 76665
1 54277U 22151U   24131.80106439  .00000752  00000+0  38429-3 0  9990
2 54277  98.8737 147.2310 0047438 230.1582 129.5415 14.18081663 76776
1 54277U 22151U   24132.29496843  .00001188  00000+0  59452-3 0  9998
2 54277  98.8737 147.7248 0047471 228.7116 130.9967 14.18084181 76848
1 54277U 22151U   24132.92998083  .00001267  00000+0  63243-3 0  9992
2 54277  98.8735 148.3596 0047477 226.8737 132.8463 14.18087119 76939
1 54277U 22151U   24133.49443998  .00001126  00000+0  56462-3 0  9994
2 54277  98.8735 148.9240 0047506 225.2288 134.5018 14.18087365 77016
1 54277U 22151U   24133.56499722  .00001126  00000+0  56471-3 0  9998
2 54277  98.8735 148.9945 0047511 225.0211 134.7109 14.18087530 77026
1 54277U 22151U   24133.77666880  .00001155  00000+0  57850-3 0  9996
2 54277  98.8734 149.2062 0047519 224.4175 135.3185 14.18088197 77053
1 54277U 22151U   24134.48224065  .00001011  00000+0  50906-3 0  9996
2 54277  98.8734 149.9116 0047566 222.3630 137.3869 14.18089170 77159
1 54277U 22151U   24134.76446930  .00000956  00000+0  48277-3 0  9999
2 54277  98.8733 150.1937 0047579 221.5475 138.2080 14.18089532 77196
1 54277U 22151U   24135.32892636  .00000930  00000+0  47013-3 0  9999
2 54277  98.8733 150.7580 0047591 219.9201 139.8471 14.18090714 77272
1 54277U 22151U   24135.75226862  .00000932  00000+0  47116-3 0  9994
2 54277  98.8733 151.1813 0047612 218.6918 141.0843 14.18091801 77334
1 54277U 22151U   24136.03449653  .00001022  00000+0  51429-3 0  9994
2 54277  98.8732 151.4634 0047622 217.8786 141.9035 14.18093031 77375
1 54277U 22151U   24136.59895274  .00000900  00000+0  45569-3 0  9991
2 54277  98.8732 152.0277 0047646 216.2390 143.5554 14.18093671 77458
1 54277U 22151U   24137.30452202  .00000886  00000+0  44897-3 0  9997
2 54277  98.8731 152.7331 0047671 214.1920 145.6183 14.18095256 77552
1 54277U 22151U   24137.79842001  .00000838  00000+0  42541-3 0  9991
2 54277  98.8730 153.2269 0047707 212.7567 147.0648 14.18096178 77622
1 54277U 22151U   24138.50398833  .00000804  00000+0  40915-3 0  9996
2 54277  98.8729 153.9322 0047748 210.7101 149.1278 14.18097528 77727
1 54277U 22151U   24138.78621557  .00000786  00000+0  40030-3 0  9995
2 54277  98.8729 154.2143 0047779 209.8896 149.9549 14.18097954 77762
1 54277U 22151U   24139.28011238  .00000893  00000+0  45190-3 0  9991
2 54277  98.8728 154.7080 0047805 208.4668 151.3894 14.18099624 77832
1 54277U 22151U   24139.77400931  .00000858  00000+0  43523-3 0  9996
2 54277  98.8726 155.2017 0047842 207.0493 152.8188 14.18100379 77908
1 54277U 22151U   24139.98567921  .00000873  00000+0  44258-3 0  9995
2 54277  98.8725 155.4132 0047859 206.4431 153.4301 14.18100917 77935
1 54277U 22151U   24140.97347204  .00000901  00000+0  45567-3 0  9992
2 54277  98.8726 156.4008 0047905 203.5890 156.3088 14.18102947 78073
1 54277U 22151U   24141.53792460  .00000831  00000+0  42211-3 0  9998
2 54277  98.8726 156.9651 0047939 201.9591 157.9530 14.18103663 78153
1 54277U 22151U   24142.03182033  .00000809  00000+0  41132-3 0  9999
2 54277  98.8726 157.4588 0047963 200.5368 159.3879 14.18104454 78221
1 54277U 22151U   24143.51350592  .00000677  00000+0  34769-3 0  9991
2 54277  98.8726 158.9401 0048049 196.2594 163.7042 14.18106443 78433
1 54277U 22151U   24144.57185131  .00000627  00000+0  32365-3 0  9998
2 54277  98.8725 159.9981 0048107 193.2261 166.7656 14.18108024 78586
1 54277U 22151U   24144.85407651  .00000647  00000+0  33312-3 0  9998
2 54277  98.8725 160.2802 0048125 192.4160 167.5833 14.18108603 78626
1 54277U 22151U   24145.55963914  .00000603  00000+0  31226-3 0  9999
2 54277  98.8725 160.9855 0048183 190.3934 169.6249 14.18109607 78721
1 54277U 22151U   24145.84186415  .00000581  00000+0  30142-3 0  9995
2 54277  98.8724 161.2677 0048196 189.5849 170.4411 14.18109911 78768
1 54277U 22151U   24146.54742644  .00000527  00000+0  27537-3 0  9999
2 54277  98.8724 161.9730 0048223 187.5657 172.4796 14.18110686 78861
1 54277U 22151U   24147.04131977  .00000524  00000+0  27378-3 0  9996
2 54277  98.8724 162.4667 0048248 186.1554 173.9034 14.18111357 78939
1 54277U 22151U   24147.95855001  .00000459  00000+0  24284-3 0  9997
2 54277  98.8723 163.3837 0048298 183.5317 176.5524 14.18112145 79064
1 54277U 22151U   24148.52299921  .00000398  00000+0  21320-3 0  9994
2 54277  98.8723 163.9480 0048328 181.9108 178.1890 14.18112446 79145
1 54277U 22151U   24148.59355535  .00000395  00000+0  21194-3 0  9991
2 54277  98.8723 164.0185 0048338 181.7120 178.3897 14.18112499 79150
1 54277U 22151U   24148.94633583  .00000391  00000+0  21002-3 0  9996
2 54277  98.8722 164.3711 0048396 180.7078 179.4036 14.18112875 79203
1 54277U 22151U   24149.58134063  .00000378  00000+0  20364-3 0  9991
2 54277  98.8722 165.0058 0048430 178.8906 181.2385 14.18113500 79295
1 54277U 22151U   24149.93412092  .00000368  00000+0  19892-3 0  9994
2 54277  98.8722 165.3584 0048471 177.8974 182.2413 14.18113818 79342
1 54277U 22151U   24150.00467695  .00000367  00000+0  19836-3 0  9990
2 54277  98.8722 165.4289 0048493 177.7023 182.4383 14.18113898 79350
1 54277U 22151U   24150.00467699  .00000400  00000+0  21435-3 0  9990
2 54277  98.8722 165.4289 0048492 177.7024 182.4382 14.18114058 79358
1 54277U 22151U   24150.99246131  .00000448  00000+0  23706-3 0  9999
2 54277  98.8721 166.4164 0048566 174.8972 185.2708 14.18115355 79491
1 54277U 22151U   24151.55690930  .00000493  00000+0  25892-3 0  9990
2 54277  98.8721 166.9807 0048589 173.2856 186.8981 14.18116158 79570
1 54277U 22151U   24152.26246894  .00000469  00000+0  24755-3 0  9995
2 54277  98.8720 167.6860 0048595 171.2680 188.9352 14.18116711 79677
1 54277U 22151U   24152.54469239  .00000515  00000+0  26961-3 0  9999
2 54277  98.8720 167.9681 0048630 170.4722 189.7386 14.18117326 79713
1 54277U 22151U   24152.61524829  .00000515  00000+0  26971-3 0  9995
2 54277  98.8720 168.0387 0048643 170.2769 189.9358 14.18117396 79720
1 54277U 22151U   24153.53247585  .00000401  00000+0  21444-3 0  9992
2 54277  98.8720 168.9556 0048677 167.6589 192.5790 14.18117395 79857
1 54277U 22151U   24153.95581122  .00000404  00000+0  21596-3 0  9997
2 54277  98.8719 169.3788 0048677 166.4492 193.8002 14.18117750 79919
1 54277U 22151U   24154.87303737  .00000439  00000+0  23264-3 0  9995
2 54277  98.8718 170.2957 0048706 163.8336 196.4406 14.18118703 80040
1 54277U 22151U   24155.29637228  .00000513  00000+0  26861-3 0  9996
2 54277  98.8719 170.7189 0048725 162.6274 197.6582 14.18119476 80105
1 54277U 22151U   24155.86081844  .00000534  00000+0  27856-3 0  9994
2 54277  98.8717 171.2832 0048771 161.0459 199.2545 14.18120145 80183
1 54277U 22151U   24156.28415277  .00000573  00000+0  29746-3 0  9995
2 54277  98.8717 171.7064 0048797 159.8488 200.4628 14.18120844 80240
1 54277U 22151U   24156.77804284  .00000577  00000+0  29932-3 0  9990
2 54277  98.8717 172.2001 0048829 158.4572 201.8672 14.18121365 80313
1 54277U 22151U   24157.27193264  .00000515  00000+0  26952-3 0  9996
2 54277  98.8717 172.6938 0048858 157.0634 203.2738 14.18121588 80385
1 54277U 22151U   24157.83637773  .00000536  00000+0  27942-3 0  9999
2 54277  98.8717 173.2580 0048887 155.4724 204.8792 14.18122358 80461
1 54277U 22151U   24158.33026696  .00000549  00000+0  28566-3 0  9998
2 54277  98.8717 173.7517 0048913 154.0770 206.2870 14.18123010 80539
1 54277U 22151U   24159.03582266  .00000566  00000+0  29386-3 0  9996
2 54277  98.8716 174.4570 0048949 152.0864 208.2953 14.18123914 80634
1 54277U 22151U   24159.95304398  .00000657  00000+0  33768-3 0  9995
2 54277  98.8715 175.3738 0048999 149.4929 210.9113 14.18125556 80762
1 54277U 22151U   24160.30582135  .00000654  00000+0  33610-3 0  9996
2 54277  98.8715 175.7264 0049018 148.4912 211.9214 14.18125942 80812
1 54277U 22151U   24161.50526313  .00000678  00000+0  34782-3 0  9992
2 54277  98.8714 176.9253 0049091 145.1210 215.3199 14.18127607 80986
1 54277U 22151U   24161.92859489  .00000687  00000+0  35223-3 0  9992
2 54277  98.8714 177.3485 0049110 143.9353 216.5151 14.18128280 81041
1 54277U 22151U   24162.56359252  .00000637  00000+0  32808-3 0  9997
2 54277  98.8714 177.9832 0049140 142.1533 218.3113 14.18128884 81135
1 54277U 22151U   24162.84581337  .00000650  00000+0  33442-3 0  9999
2 54277  98.8713 178.2653 0049152 141.3632 219.1077 14.18129371 81177
1 54277U 22151U   24163.55136534  .00000626  00000+0  32255-3 0  9997
2 54277  98.8713 178.9706 0049182 139.3841 221.1019 14.18130277 81272
1 54277U 22151U   24163.97469653  .00000556  00000+0  28911-3 0  9990
2 54277  98.8713 179.3937 0049193 138.1975 222.2974 14.18130411 81339
1 54277U 22151U   24164.32747238  .00000547  00000+0  28453-3 0  9999
2 54277  98.8714 179.7464 0049204 137.1915 223.3108 14.18130779 81388
1 54277U 22151U   24165.03302351  .00000495  00000+0  25962-3 0  9995
2 54277  98.8713 180.4516 0049230 135.2057 225.3109 14.18131388 81480
1 54277U 22151U   24165.59746419  .00000462  00000+0  24382-3 0  9992
2 54277  98.8713 181.0158 0049255 133.6097 226.9181 14.18131850 81562
1 54277U 22151U   24165.95023942  .00000455  00000+0  24050-3 0  9995
2 54277  98.8713 181.3684 0049269 132.6201 227.9144 14.18132200 81616
1 54277U 22151U   24166.58523458  .00000483  00000+0  25365-3 0  9993
2 54277  98.8713 182.0032 0049295 130.8445 229.7019 14.18133044 81708
1 54277U 22151U   24166.93800946  .00000473  00000+0  24918-3 0  9994
2 54277  98.8712 182.3558 0049307 129.8561 230.6967 14.18133377 81751
1 54277U 22151U   24167.57300393  .00000498  00000+0  26123-3 0  9993
2 54277  98.8712 182.9905 0049332 128.0803 232.4837 14.18134234 81840
1 54277U 22151U   24167.85522341  .00000505  00000+0  26463-3 0  9999
2 54277  98.8712 183.2726 0049347 127.2996 233.2692 14.18134625 81881
1 54277U 22151U   24168.56077230  .00000494  00000+0  25905-3 0  9997
2 54277  98.8712 183.9778 0049372 125.3312 235.2493 14.18135336 81986
1 54277U 22151U   24169.61909457  .00000443  00000+0  23440-3 0  9995
2 54277  98.8712 185.0357 0049401 122.3720 238.2249 14.18136215 82132
1 54277U 22151U   24170.53630650  .00000410  00000+0  21859-3 0  9990
2 54277  98.8712 185.9525 0049421 119.7985 240.8117 14.18136957 82263
1 54277U 22151U   24170.88908018  .00000407  00000+0  21702-3 0  9997
2 54277  98.8712 186.3051 0049432 118.8123 241.8028 14.18137241 82313
1 54277U 22151U   24171.59462718  .00000387  00000+0  20754-3 0  9991
2 54277  98.8712 187.0104 0049454 116.8307 243.7937 14.18137785 82410
1 54277U 22151U   24171.87684588  .00000363  00000+0  19611-3 0  9997
2 54277  98.8712 187.2925 0049462 116.0436 244.5843 14.18137892 82455
1 54277U 22151U   24171.94740056  .00000361  00000+0  19512-3 0  9996
2 54277  98.8712 187.3630 0049463 115.8459 244.7829 14.18137942 82465
1 54277U 22151U   24172.58239222  .00000396  00000+0  21175-3 0  9991
2 54277  98.8712 187.9977 0049482 114.0733 246.5630 14.18138726 82553
1 54277U 22151U   24173.00571976  .00000391  00000+0  20940-3 0  9998
2 54277  98.8711 188.4208 0049489 112.8881 247.7529 14.18139107 82613
1 54277U 22151U   24173.49960172  .00000431  00000+0  22885-3 0  9996
2 54277  98.8711 188.9145 0049503 111.5125 249.1338 14.18139805 82688
1 54277U 22151U   24174.48736498  .00000411  00000+0  21890-3 0  9991
2 54277  98.8711 189.9018 0049516 108.7543 251.9014 14.18140649 82820
1 54277U 22151U   24175.47512731  .00000377  00000+0  20281-3 0  9997
2 54277  98.8711 190.8891 0049527 105.9968 254.6670 14.18141416 82968
1 54277U 22151U   24175.82789935  .00000377  00000+0  20260-3 0  9995
2 54277  98.8711 191.2417 0049532 105.0123 255.6541 14.18141728 83018
1 54277U 22151U   24175.89845374  .00000376  00000+0  20242-3 0  9991
2 54277  98.8711 191.3123 0049532 104.8139 255.8531 14.18141796 83024
1 54277U 22151U   24176.60399766  .00000372  00000+0  20053-3 0  9996
2 54277  98.8711 192.0175 0049542 102.8408 257.8308 14.18142362 83122
1 54277U 22151U   24176.81566069  .00000374  00000+0  20143-3 0  9993
2 54277  98.8711 192.2290 0049548 102.2631 258.4098 14.18142545 83159
1 54277U 22151U   24177.02732372  .00000375  00000+0  20160-3 0  9999
2 54277  98.8711 192.4406 0049549 101.6692 259.0049 14.18142735 83188
1 54277U 22151U   24177.59175825  .00000401  00000+0  21444-3 0  9991
2 54277  98.8711 193.0048 0049558 100.1000 260.5771 14.18143353 83269
1 54277U 22151U   24178.29730083  .00000440  00000+0  23316-3 0  9995
2 54277  98.8711 193.7100 0049567  98.1293 262.5509 14.18144214 83364
1 54277U 22151U   24179.84949257  .00000517  00000+0  27020-3 0  9993
2 54277  98.8710 195.2616 0049563  93.8023 266.8821 14.18146237 83586
1 54277U 22151U   24180.83724911  .00000615  00000+0  31741-3 0  9996
2 54277  98.8711 196.2488 0049560  91.0537 269.6317 14.18148013 83723
1 54277U 22151U   24181.54278901  .00000669  00000+0  34310-3 0  9992
2 54277  98.8711 196.9541 0049558  89.0774 271.6079 14.18149164 83824
1 54277U 22151U   24181.96611263  .00000669  00000+0  34330-3 0  9992
2 54277  98.8711 197.3773 0049553  87.8712 272.8136 14.18149685 83880
1 54277U 22151U   24182.60109756  .00000629  00000+0  32417-3 0  9993
2 54277  98.8711 198.0120 0049552  86.1163 274.5675 14.18150305 83973
1 54277U 22151U   24183.51829719  .00000619  00000+0  31891-3 0  9996
2 54277  98.8711 198.9288 0049546  83.5636 277.1177 14.18151454 84104
1 54277U 22151U   24183.80051225  .00000627  00000+0  32281-3 0  9990
2 54277  98.8710 199.2109 0049542  82.7790 277.9013 14.18151855 84143
