1 47319U 21002L   23084.14486679  .00038382  00000+0  11586-2 0  9997
2 47319  60.6825  22.3758 0031057 132.0137 228.3607 15.33565260121304
1 47319U 21002L   23084.92723369  .00034583  00000+0  10437-2 0  9996
2 47319  60.6823  19.3928 0030889 132.5605 227.8102 15.33620787121427
1 47319U 21002L   23085.38360180  .00033104  00000+0  99882-3 0  9995
2 47319  60.6822  17.6525 0030794 132.9243 227.4441 15.33650470121498
1 47319U 21002L   23085.90515500  .00028915  00000+0  87331-3 0  9991
2 47319  60.6820  15.6634 0030761 133.4605 226.9054 15.33680132121578
1 47319U 21002L   23086.29631246  .00031476  00000+0  94879-3 0  9991
2 47319  60.6820  14.1714 0030668 133.5719 226.7927 15.33706923121635
1 47319U 21002L   23086.88303697  .00028876  00000+0  87059-3 0  9994
2 47319  60.6819  11.9337 0030604 134.0075 226.3547 15.33742214121727
1 47319U 21002L   23087.20898903  .00031294  00000+0  94178-3 0  9998
2 47319  60.6820  10.6906 0030580 134.1486 226.2129 15.33763649121772
1 47319U 21002L   23087.92606692  .00032884  00000+0  98746-3 0  9990
2 47319  60.6820   7.9555 0030514 134.6110 225.7479 15.33812849121888
1 47319U 21002L   23088.31719099  .00035071  00000+0  10514-2 0  9997
2 47319  60.6820   6.4640 0030389 134.6458 225.7120 15.33841092121944
1 47319U 21002L   23089.16460136  .00037153  00000+0  11109-2 0  9990
2 47319  60.6821   3.2313 0030275 135.0737 225.2813 15.33902737122079
1 47319U 21002L   23089.29496896  .00037593  00000+0  11235-2 0  9994
2 47319  60.6820   2.7341 0030260 135.1547 225.1998 15.33913436122090
1 47319U 21002L   23090.59859879  .00039576  00000+0  11784-2 0  9995
2 47319  60.6823 357.7611 0030052 135.9867 224.3626 15.34015300122293
1 47319U 21002L   23091.25038186  .00035556  00000+0  10588-2 0  9994
2 47319  60.6823 355.2743 0029925 136.4710 223.8752 15.34061039122397
1 47319U 21002L   23091.83697152  .00032097  00000+0  95613-3 0  9992
2 47319  60.6823 353.0360 0029823 136.9586 223.3846 15.34096979122481
1 47319U 21002L   23092.29319809  .00033605  00000+0  99957-3 0  9994
2 47319  60.6823 351.2951 0029706 137.3288 223.0119 15.34126778122550
1 47319U 21002L   23092.87976237  .00026840  00000+0  80025-3 0  9991
2 47319  60.6821 349.0563 0029573 137.8052 222.5325 15.34158868122646
1 47319U 21002L   23093.14045327  .00032044  00000+0  95239-3 0  9995
2 47319  60.6821 348.0616 0029512 137.9641 222.3724 15.34178682122683
1 47319U 21002L   23094.18319022  .00032080  00000+0  95173-3 0  9993
2 47319  60.6820 344.0825 0029257 138.5125 221.8195 15.34242615122842
1 47319U 21002L   23094.24835972  .00032432  00000+0  96189-3 0  9996
2 47319  60.6820 343.8337 0029248 138.5434 221.7885 15.34247373122852
1 47319U 21002L   23094.90004588  .00027228  00000+0  80874-3 0  9991
2 47319  60.6819 341.3463 0029132 138.8554 221.4742 15.34283951122953
1 47319U 21002L   23095.22588319  .00029452  00000+0  87329-3 0  9999
2 47319  60.6816 340.1025 0029049 138.9656 221.3630 15.34304579123004
1 47319U 21002L   23095.87754584  .00028172  00000+0  83500-3 0  9994
2 47319  60.6815 337.6150 0028948 139.3082 221.0181 15.34340608123100
1 47319U 21002L   23096.20337127  .00027028  00000+0  80118-3 0  9993
2 47319  60.6813 336.3713 0028883 139.4700 220.8551 15.34358525123155
1 47319U 21002L   23096.72468378  .00025104  00000+0  74436-3 0  9992
2 47319  60.6813 334.3811 0028845 139.8692 220.4539 15.34386971123231
1 47319U 21002L   23096.92017349  .00026145  00000+0  77454-3 0  9991
2 47319  60.6812 333.6350 0028744 139.8606 220.4618 15.34397975123260
1 47319U 21002L   23097.50663418  .00027355  00000+0  80903-3 0  9997
2 47319  60.6809 331.3959 0028625 140.3102 220.0092 15.34431502123359
1 47319U 21002L   23098.02792259  .00024572  00000+0  72747-3 0  9996
2 47319  60.6807 329.4058 0028462 140.6113 219.7057 15.34456761123438
1 47319U 21002L   23099.13563033  .00025366  00000+0  74944-3 0  9998
2 47319  60.6801 325.1759 0028150 141.4648 218.8462 15.34514022123603
1 47319U 21002L   23099.78720425  .00024579  00000+0  72589-3 0  9997
2 47319  60.6802 322.6877 0028009 141.9375 218.3703 15.34546364123700
1 47319U 21002L   23100.04783045  .00024826  00000+0  73291-3 0  9992
2 47319  60.6802 321.6923 0027841 141.9686 218.3379 15.34558588123743
1 47319U 21002L   23100.89484655  .00028668  00000+0  84316-3 0  9998
2 47319  60.6804 318.4577 0027786 142.5238 217.7799 15.34608790123876
1 47319U 21002L   23101.02515448  .00028210  00000+0  82970-3 0  9996
2 47319  60.6804 317.9600 0027763 142.5722 217.7311 15.34615964123893
1 47319U 21002L   23101.87214047  .00026639  00000+0  78312-3 0  9998
2 47319  60.6805 314.7251 0027622 142.9977 217.3027 15.34661830124020
1 47319U 21002L   23101.93729225  .00027167  00000+0  79833-3 0  9990
2 47319  60.6806 314.4762 0027603 142.9816 217.3188 15.34665737124035
1 47319U 21002L   23102.97969610  .00029360  00000+0  86022-3 0  9994
2 47319  60.6808 310.4947 0027358 143.4906 216.8059 15.34728866124192
1 47319U 21002L   23104.02205757  .00029573  00000+0  86483-3 0  9994
2 47319  60.6804 306.5134 0027087 144.1206 216.1713 15.34792440124359
1 47319U 21002L   23105.25980202  .00034042  00000+0  99111-3 0  9994
2 47319  60.6802 301.7856 0026809 145.0872 215.1986 15.34877461124544
1 47319U 21002L   23105.52037085  .00034883  00000+0  10147-2 0  9990
2 47319  60.6799 300.7900 0026719 145.3149 214.9693 15.34897029124586
1 47319U 21002L   23105.84607793  .00035291  00000+0  10258-2 0  9991
2 47319  60.6799 299.5454 0026602 145.5494 214.7330 15.34918638124633
1 47319U 21002L   23106.10663948  .00037152  00000+0  10785-2 0  9998
2 47319  60.6796 298.5498 0026515 145.7522 214.5288 15.34939877124676
1 47319U 21002L   23106.82316662  .00036038  00000+0  10450-2 0  9996
2 47319  60.6793 295.8117 0026289 146.2280 214.0494 15.34992980124786
1 47319U 21002L   23107.60480469  .00036197  00000+0  10478-2 0  9996
2 47319  60.6790 292.8242 0026085 146.6606 213.6136 15.35051209124902
1 47319U 21002L   23107.86534394  .00039622  00000+0  11448-2 0  9995
2 47319  60.6790 291.8285 0026055 146.7999 213.4735 15.35072585124948
1 47319U 21002L   23108.06074620  .00039562  00000+0  11426-2 0  9998
2 47319  60.6789 291.0817 0025983 146.8488 213.4239 15.35088219124975
1 47319U 21002L   23108.71207326  .00040374  00000+0  11640-2 0  9992
2 47319  60.6790 288.5922 0025860 147.1263 213.1445 15.35138389125076
1 47319U 21002L   23109.49363793  .00035522  00000+0  10242-2 0  9995
2 47319  60.6789 285.6040 0025606 147.4534 212.8144 15.35195568125192
1 47319U 21002L   23109.75415311  .00035840  00000+0  10327-2 0  9995
2 47319  60.6791 284.6081 0025525 147.5609 212.7059 15.35213724125237
1 47319U 21002L   23110.21004500  .00034197  00000+0  98501-3 0  9997
2 47319  60.6791 282.8652 0025346 147.7165 212.5485 15.35249493125302
1 47319U 21002L   23110.92642883  .00033087  00000+0  95217-3 0  9995
2 47319  60.6793 280.1264 0025128 148.1976 212.0641 15.35297873125413
1 47319U 21002L   23111.18692668  .00031653  00000+0  91108-3 0  9992
2 47319  60.6793 279.1305 0025040 148.4377 211.8224 15.35313713125458
1 47319U 21002L   23111.90328175  .00033795  00000+0  97059-3 0  9991
2 47319  60.6793 276.3917 0024798 148.9604 211.2960 15.35360323125565
1 47319U 21002L   23112.16376865  .00034613  00000+0  99322-3 0  9994
2 47319  60.6794 275.3956 0024716 149.1593 211.0958 15.35378991125608
1 47319U 21002L   23112.88009252  .00030224  00000+0  86784-3 0  9998
2 47319  60.6795 272.6567 0024471 149.6397 210.6119 15.35424527125715
1 47319U 21002L   23113.01033093  .00030670  00000+0  88023-3 0  9997
2 47319  60.6795 272.1587 0024437 149.7156 210.5355 15.35433722125738
1 47319U 21002L   23113.92197794  .00042672  00000+0  12167-2 0  9996
2 47319  60.6795 268.6723 0024161 150.1966 210.0509 15.35504797125871
1 47319U 21002L   23114.44289410  .00109374  00000+0  30683-2 0  9997
2 47319  60.6796 266.6799 0023925 150.2213 210.0248 15.35610341125958
1 47319U 21002L   23114.70334603  .00092440  00000+0  25992-2 0  9993
2 47319  60.6797 265.6838 0023823 150.3037 209.9414 15.35625032125993
1 47319U 21002L   23114.96379454  .00041624  00000+0  11835-2 0  9993
2 47319  60.6797 264.6877 0023759 150.3954 209.8490 15.35612571126034
1 47319U 21002L   23116.52642716  .00025422  00000+0  72615-3 0  9993
2 47319  60.6796 258.7107 0023415 151.0967 209.1428 15.35694874126270
1 47319U 21002L   23116.78685771  .00027375  00000+0  78070-3 0  9999
2 47319  60.6795 257.7146 0023347 151.2487 208.9898 15.35709959126318
1 47319U 21002L   23117.50302843  .00027299  00000+0  77764-3 0  9990
2 47319  60.6794 254.9750 0023157 151.7071 208.5285 15.35751486126420
1 47319U 21002L   23118.47959358  .00027125  00000+0  77157-3 0  9990
2 47319  60.6792 251.2390 0022803 152.4132 207.8177 15.35807876126574
1 47319U 21002L   23118.87020986  .00028117  00000+0  79890-3 0  9998
2 47319  60.6790 249.7445 0022640 152.6255 207.6036 15.35830236126637
1 47319U 21002L   23119.52122481  .00027055  00000+0  76838-3 0  9993
2 47319  60.6790 247.2534 0022473 153.0394 207.1872 15.35865609126738
1 47319U 21002L   23120.56281379  .00026972  00000+0  76470-3 0  9990
2 47319  60.6791 243.2675 0022153 153.2692 206.9548 15.35928541126898
1 47319U 21002L   23121.53926888  .00025897  00000+0  73363-3 0  9992
2 47319  60.6795 239.5305 0021904 153.5042 206.7176 15.35979263127045
1 47319U 21002L   23121.86474689  .00026954  00000+0  76273-3 0  9993
2 47319  60.6796 238.2850 0021761 153.5385 206.6824 15.35997014127096
1 47319U 21002L   23122.58078323  .00029388  00000+0  82943-3 0  9993
2 47319  60.6798 235.5449 0021674 154.0732 206.1452 15.36039948127206
1 47319U 21002L   23122.84115545  .00027277  00000+0  77045-3 0  9992
2 47319  60.6799 234.5483 0021553 154.2426 205.9746 15.36053898127249
1 47319U 21002L   23123.55716644  .00025120  00000+0  70966-3 0  9998
2 47319  60.6802 231.8080 0021364 154.6572 205.5574 15.36091912127359
1 47319U 21002L   23123.88261999  .00025318  00000+0  71480-3 0  9993
2 47319  60.6800 230.5622 0021246 154.9071 205.3059 15.36110047127404
1 47319U 21002L   23124.53351599  .00026452  00000+0  74555-3 0  9998
2 47319  60.6801 228.0709 0021067 155.4102 204.8001 15.36145469127503
1 47319U 21002L   23124.59860478  .00026699  00000+0  75232-3 0  9991
2 47319  60.6801 227.8217 0021039 155.4417 204.7683 15.36149131127518
1 47319U 21002L   23125.83526316  .00027224  00000+0  76543-3 0  9990
2 47319  60.6797 223.0877 0020629 156.0858 204.1198 15.36216987127702
1 47319U 21002L   23126.55119814  .00037583  00000+0  10504-2 0  9994
2 47319  60.6797 220.3468 0020457 156.3953 203.8084 15.36263892127815
1 47319U 21002L   23126.81153252  .00034570  00000+0  96685-3 0  9995
2 47319  60.6795 219.3501 0020396 156.5210 203.6819 15.36279483127850
1 47319U 21002L   23127.52743753  .00029704  00000+0  83147-3 0  9997
2 47319  60.6793 216.6091 0020231 156.8024 203.3987 15.36322584127962
1 47319U 21002L   23127.59251887  .00030176  00000+0  84439-3 0  9996
2 47319  60.6793 216.3599 0020207 156.8014 203.3996 15.36326764127979
1 47319U 21002L   23128.76395616  .00030445  00000+0  85015-3 0  9995
2 47319  60.6789 211.8744 0019908 157.2234 202.9747 15.36393584128155
1 47319U 21002L   23129.54488467  .00030665  00000+0  85506-3 0  9998
2 47319  60.6787 208.8839 0019688 157.6772 202.5183 15.36440073128279
1 47319U 21002L   23130.52101291  .00031607  00000+0  87947-3 0  9993
2 47319  60.6782 205.1455 0019405 158.4542 201.7373 15.36497302128425
1 47319U 21002L   23130.65116074  .00031796  00000+0  88448-3 0  9998
2 47319  60.6782 204.6471 0019366 158.5487 201.6423 15.36504866128443
1 47319U 21002L   23131.43203185  .00027668  00000+0  77014-3 0  9995
2 47319  60.6785 201.6569 0019199 159.0206 201.1679 15.36550861128567
1 47319U 21002L   23131.62724680  .00027721  00000+0  77140-3 0  9994
2 47319  60.6786 200.9088 0019095 158.9491 201.2392 15.36560977128590
1 47319U 21002L   23132.34302177  .00028153  00000+0  78234-3 0  9992
2 47319  60.6787 198.1669 0018955 159.3632 200.8232 15.36599990128708
1 47319U 21002L   23133.51424956  .00025531  00000+0  70919-3 0  9991
2 47319  60.6789 193.6803 0018647 159.6904 200.4936 15.36665211128889
1 47319U 21002L   23133.83958250  .00023545  00000+0  65459-3 0  9991
2 47319  60.6790 192.4337 0018549 159.7902 200.3930 15.36680342128931
1 47319U 21002L   23134.49023770  .00022115  00000+0  61493-3 0  9990
2 47319  60.6791 189.9411 0018369 160.0307 200.1510 15.36711525129032
1 47319U 21002L   23134.88062419  .00021882  00000+0  60821-3 0  9990
2 47319  60.6789 188.4459 0018279 160.4069 199.7730 15.36731312129093
1 47319U 21002L   23135.53125823  .00019897  00000+0  55354-3 0  9990
2 47319  60.6789 185.9534 0018082 160.7696 199.4084 15.36760311129191
1 47319U 21002L   23135.85657102  .00019267  00000+0  53612-3 0  9991
2 47319  60.6787 184.7067 0018059 161.0966 199.0802 15.36773345129246
1 47319U 21002L   23136.44212703  .00021110  00000+0  58600-3 0  9993
2 47319  60.6786 182.4634 0017905 161.5195 198.6553 15.36797866129330
1 47319U 21002L   23136.57224946  .00019683  00000+0  54704-3 0  9992
2 47319  60.6785 181.9646 0017872 161.6505 198.5237 15.36801802129351
1 47319U 21002L   23136.83249292  .00017231  00000+0  48001-3 0  9992
2 47319  60.6784 180.9673 0017842 161.8998 198.2734 15.36810530129395
1 47319U 21002L   23137.48309441  .00017340  00000+0  48263-3 0  9998
2 47319  60.6782 178.4745 0017763 162.3184 197.8531 15.36835084129492
1 47319U 21002L   23137.80839156  .00016525  00000+0  46027-3 0  9995
2 47319  60.6781 177.2279 0017694 162.5156 197.6550 15.36845804129540
1 47319U 21002L   23138.45897884  .00015684  00000+0  43709-3 0  9998
2 47319  60.6777 174.7347 0017546 162.8937 197.2752 15.36867560129643
1 47319U 21002L   23138.65415342  .00015130  00000+0  42191-3 0  9995
2 47319  60.6776 173.9865 0017486 162.9497 197.2188 15.36873431129673
1 47319U 21002L   23139.56495725  .00016034  00000+0  44614-3 0  9995
2 47319  60.6772 170.4962 0017330 163.3338 196.8329 15.36903955129819
1 47319U 21002L   23140.08540772  .00017930  00000+0  49745-3 0  9993
2 47319  60.6770 168.5015 0017256 163.6355 196.5299 15.36923991129896
1 47319U 21002L   23140.47573960  .00025364  00000+0  69878-3 0  9990
2 47319  60.6772 167.0056 0017201 163.8405 196.3241 15.36949410129951
1 47319U 21002L   23141.51659675  .00021584  00000+0  59534-3 0  9992
2 47319  60.6772 163.0157 0016836 164.3573 195.8044 15.37003780130111
1 47319U 21002L   23141.77680579  .00020937  00000+0  57759-3 0  9995
2 47319  60.6773 162.0183 0016834 164.5781 195.5829 15.37015151130158
1 47319U 21002L   23142.55742103  .00023332  00000+0  64177-3 0  9998
2 47319  60.6772 159.0259 0016646 165.2102 194.9482 15.37051643130270
1 47319U 21002L   23142.75257190  .00023643  00000+0  64998-3 0  9993
2 47319  60.6773 158.2779 0016630 165.4250 194.7327 15.37060959130308
1 47319U 21002L   23143.46811617  .00023256  00000+0  63894-3 0  9996
2 47319  60.6774 155.5350 0016456 165.9049 194.2507 15.37092242130418
1 47319U 21002L   23143.59821361  .00021074  00000+0  57990-3 0  9993
2 47319  60.6773 155.0362 0016428 165.9809 194.1744 15.37096619130434
1 47319U 21002L   23144.57393022  .00019652  00000+0  54085-3 0  9991
2 47319  60.6775 151.2955 0016224 166.4185 193.7349 15.37135526130582
1 47319U 21002L   23146.20006824  .00019317  00000+0  53072-3 0  9997
2 47319  60.6778 145.0614 0016033 167.3461 192.8039 15.37201846130836
1 47319U 21002L   23146.33015642  .00019134  00000+0  52573-3 0  9991
2 47319  60.6777 144.5622 0015990 167.4277 192.7219 15.37206734130857
1 47319U 21002L   23147.37084701  .00016137  00000+0  44446-3 0  9998
2 47319  60.6778 140.5720 0015803 168.1460 192.0009 15.37242353131014
1 47319U 21002L   23147.56597384  .00016143  00000+0  44452-3 0  9999
2 47319  60.6778 139.8236 0015778 168.2445 191.9020 15.37249155131043
1 47319U 21002L   23148.21639029  .00018540  00000+0  50871-3 0  9990
2 47319  60.6777 137.3290 0015636 168.8561 191.2882 15.37273928131148
1 47319U 21002L   23148.67167544  .00020730  00000+0  56726-3 0  9997
2 47319  60.6776 135.5841 0015570 169.2833 190.8595 15.37293212131215
1 47319U 21002L   23148.93183599  .00020611  00000+0  56389-3 0  9997
2 47319  60.6775 134.5867 0015529 169.4787 190.6634 15.37303299131258
1 47319U 21002L   23149.45215217  .00018665  00000+0  51135-3 0  9998
2 47319  60.6774 132.5911 0015392 169.8092 190.3317 15.37321641131331
1 47319U 21002L   23149.90742300  .00019268  00000+0  52725-3 0  9992
2 47319  60.6774 130.8450 0015335 170.1841 189.9556 15.37339652131402
1 47319U 21002L   23150.23261321  .00018310  00000+0  50134-3 0  9998
2 47319  60.6773 129.5978 0015303 170.4764 189.6623 15.37351146131452
1 47319U 21002L   23150.49276363  .00018986  00000+0  51930-3 0  9992
2 47319  60.6774 128.6001 0015303 170.5473 189.5911 15.37362074131493
1 47319U 21002L   23151.40327603  .00020629  00000+0  56272-3 0  9999
2 47319  60.6775 125.1081 0015193 170.9297 189.2074 15.37400134131632
1 47319U 21002L   23151.66341810  .00022197  00000+0  60448-3 0  9995
2 47319  60.6775 124.1102 0015119 171.0998 189.0367 15.37412456131670
1 47319U 21002L   23152.37879767  .00024556  00000+0  66688-3 0  9994
2 47319  60.6776 121.3662 0014941 171.5326 188.6023 15.37447959131785
1 47319U 21002L   23152.89906191  .00024668  00000+0  66923-3 0  9999
2 47319  60.6778 119.3702 0014963 172.0493 188.0841 15.37477454131868
1 47319U 21002L   23153.41931816  .00021255  00000+0  57771-3 0  9990
2 47319  60.6778 117.3743 0014853 172.5571 187.5746 15.37499507131941
1 47319U 21002L   23154.13465859  .00024112  00000+0  65333-3 0  9997
2 47319  60.6781 114.6304 0014767 173.3267 186.8027 15.37530689132057
1 47319U 21002L   23155.11010134  .00023368  00000+0  63274-3 0  9992
2 47319  60.6787 110.8885 0014652 174.0740 186.0530 15.37568739132207
1 47319U 21002L   23155.37021532  .00021146  00000+0  57343-3 0  9996
2 47319  60.6787 109.8909 0014543 174.3197 185.8064 15.37577667132243
1 47319U 21002L   23155.43524356  .00021085  00000+0  57180-3 0  9996
2 47319  60.6785 109.6416 0014408 174.6989 185.4261 15.37580598132257
1 47319U 21002L   23156.21557212  .00022963  00000+0  62111-3 0  9996
2 47319  60.6790 106.6483 0014338 174.8486 185.2759 15.37616562132374
1 47319U 21002L   23156.28059875  .00022724  00000+0  61470-3 0  9997
2 47319  60.6791 106.3988 0014319 174.9339 185.1902 15.37619189132387
1 47319U 21002L   23157.32100463  .00025013  00000+0  67445-3 0  9995
2 47319  60.6794 102.4074 0014154 175.6149 184.5072 15.37672031132541
1 47319U 21002L   23158.36137593  .00022062  00000+0  59524-3 0  9994
2 47319  60.6794  98.4155 0013948 176.5668 183.5524 15.37720978132704
1 47319U 21002L   23158.81652794  .00023304  00000+0  62769-3 0  9994
2 47319  60.6794  96.6688 0013954 177.0784 183.0394 15.37743508132778
1 47319U 21002L   23159.40171444  .00023670  00000+0  63689-3 0  9996
2 47319  60.6792  94.4231 0013781 177.7577 182.3581 15.37770127132868
1 47319U 21002L   23160.50703653  .00023846  00000+0  64046-3 0  9995
2 47319  60.6789  90.1811 0013641 179.0616 181.0506 15.37824492133033
1 47319U 21002L   23161.35225856  .00023272  00000+0  62458-3 0  9991
2 47319  60.6788  86.9374 0013489 179.7405 180.3699 15.37862156133160
1 47319U 21002L   23162.06743017  .00024570  00000+0  65816-3 0  9997
2 47319  60.6790  84.1923 0013380 180.1649 179.9443 15.37894352133275
1 47319U 21002L   23162.45751696  .00024687  00000+0  66086-3 0  9991
2 47319  60.6792  82.6948 0013317 180.3253 179.7835 15.37913463133335
1 47319U 21002L   23162.78258562  .00024993  00000+0  66856-3 0  9996
2 47319  60.6793  81.4470 0013296 180.5613 179.5469 15.37930208133383
1 47319U 21002L   23163.17266367  .00023934  00000+0  64037-3 0  9995
2 47319  60.6793  79.9499 0013166 180.8720 179.2353 15.37947417133440
1 47319U 21002L   23163.23767614  .00024057  00000+0  64353-3 0  9991
2 47319  60.6793  79.7004 0013157 180.9835 179.1236 15.37950934133456
1 47319U 21002L   23164.14783792  .00022044  00000+0  58979-3 0  9998
2 47319  60.6796  76.2068 0013025 181.9399 178.1647 15.37992612133590
1 47319U 21002L   23164.86294736  .00020981  00000+0  56126-3 0  9992
2 47319  60.6797  73.4618 0012958 182.8695 177.2328 15.38026101133705
1 47319U 21002L   23164.99296578  .00020644  00000+0  55232-3 0  9995
2 47319  60.6797  72.9628 0012906 183.0757 177.0260 15.38030910133723
1 47319U 21002L   23165.05797486  .00020940  00000+0  56005-3 0  9995
2 47319  60.6798  72.7133 0012884 183.1546 176.9470 15.38033830133731
1 47319U 21002L   23166.09810344  .00020546  00000+0  54898-3 0  9999
2 47319  60.6799  68.7207 0012694 184.4188 175.6797 15.38077074133897
1 47319U 21002L   23166.55315021  .00021342  00000+0  56950-3 0  9998
2 47319  60.6800  66.9737 0012648 184.9155 175.1817 15.38097523133963
1 47319U 21002L   23167.39821987  .00029643  00000+0  78566-3 0  9993
2 47319  60.6801  63.7289 0012482 185.5728 174.5229 15.38145076134092
1 47319U 21002L   23167.72323832  .00028208  00000+0  74767-3 0  9991
2 47319  60.6801  62.4808 0012468 185.7250 174.3704 15.38166453134145
1 47319U 21002L   23168.24326069  .00022317  00000+0  59331-3 0  9999
2 47319  60.6799  60.4843 0012317 186.1342 173.9604 15.38192092134229
1 47319U 21002L   23169.08827818  .00022021  00000+0  58483-3 0  9999
2 47319  60.6799  57.2397 0012164 187.0585 173.0340 15.38233060134359
1 47319U 21002L   23169.41327881  .00022433  00000+0  59525-3 0  9996
2 47319  60.6799  55.9916 0012145 187.4589 172.6327 15.38249392134409
1 47319U 21002L   23170.38826231  .00022709  00000+0  60161-3 0  9991
2 47319  60.6797  52.2475 0011984 188.9214 171.1669 15.38294899134559
1 47319U 21002L   23171.23322356  .00024259  00000+0  64112-3 0  9997
2 47319  60.6793  49.0021 0011836 190.1883 169.8974 15.38337519134683
1 47319U 21002L   23171.75318819  .00023922  00000+0  63182-3 0  9995
2 47319  60.6792  47.0047 0011785 190.8562 169.2280 15.38363371134760
1 47319U 21002L   23171.88317787  .00025374  00000+0  66941-3 0  9991
2 47319  60.6793  46.5056 0011716 190.9858 169.0982 15.38370751134787
1 47319U 21002L   23172.14315595  .00025186  00000+0  66426-3 0  9995
2 47319  60.6792  45.5073 0011622 191.2479 168.8357 15.38383705134824
1 47319U 21002L   23173.05306189  .00024445  00000+0  64418-3 0  9991
2 47319  60.6794  42.0121 0011450 191.9575 168.1249 15.38426745134965
1 47319U 21002L   23174.61283333  .00027474  00000+0  72061-3 0  9997
2 47319  60.6796  36.0198 0011192 193.8734 166.2055 15.38516472135204
1 47319U 21002L   23175.71761554  .00029655  00000+0  77532-3 0  9996
2 47319  60.6797  31.7752 0011005 195.7253 164.3501 15.38582289135375
1 47319U 21002L   23177.08228212  .00028912  00000+0  75432-3 0  9999
2 47319  60.6796  26.5317 0010715 198.1417 161.9297 15.38661472135589
1 47319U 21002L   23178.25194293  .00024397  00000+0  63701-3 0  9999
2 47319  60.6798  22.0368 0010462 199.4823 160.5873 15.38721889135766
1 47319U 21002L   23179.74644391  .00023193  00000+0  60470-3 0  9996
2 47319  60.6800  16.2934 0010154 201.4943 158.5727 15.38795330135991
1 47319U 21002L   23180.78605659  .00022798  00000+0  59370-3 0  9993
2 47319  60.6797  12.2976 0009957 203.4124 156.6518 15.38842902136154
1 47319U 21002L   23182.08552465  .00020182  00000+0  52572-3 0  9996
2 47319  60.6792   7.3022 0009701 206.0800 153.9807 15.38903663136358
1 47319U 21002L   23183.64482626  .00020938  00000+0  54399-3 0  9998
2 47319  60.6792   1.3071 0009377 208.3284 151.7302 15.38966645136597
1 47319U 21002L   23184.74929230  .00020573  00000+0  53390-3 0  9992
2 47319  60.6793 357.0610 0009176 209.9029 150.1542 15.39012938136765
1 47319U 21002L   23186.04861863  .00023033  00000+0  59543-3 0  9994
2 47319  60.6795 352.0649 0008872 212.8925 147.1619 15.39073283136967
1 47319U 21002L   23187.15300863  .00021254  00000+0  54942-3 0  9996
2 47319  60.6797 347.8181 0008731 215.3928 144.6588 15.39118416137132
1 47319U 21002L   23188.77704714  .00028311  00000+0  72656-3 0  9991
2 47319  60.6797 341.5730 0008362 218.6341 141.4157 15.39199690137385
1 47319U 21002L   23189.75142895  .00024096  00000+0  61907-3 0  9999
2 47319  60.6797 337.8258 0008140 220.4287 139.6204 15.39245192137530
1 47319U 21002L   23190.79073753  .00021745  00000+0  55885-3 0  9997
2 47319  60.6795 333.8287 0007968 222.9558 137.0915 15.39291214137695
1 47319U 21002L   23192.08983015  .00021594  00000+0  55399-3 0  9994
2 47319  60.6792 328.8315 0007842 226.3298 133.7147 15.39349077137891
1 47319U 21002L   23192.93421185  .00025093  00000+0  64120-3 0  9993
2 47319  60.6790 325.5830 0007686 228.6416 131.4018 15.39394231138028
1 47319U 21002L   23194.68784688  .00026487  00000+0  67420-3 0  9991
2 47319  60.6794 318.8362 0007286 232.9078 127.1352 15.39490491138292
1 47319U 21002L   23195.85687602  .00031246  00000+0  79159-3 0  9990
2 47319  60.6795 314.3383 0007135 236.1102 123.9315 15.39559522138478
1 47319U 21002L   23197.28561685  .00022993  00000+0  58379-3 0  9991
2 47319  60.6795 308.8402 0007100 239.8860 120.1532 15.39638591138699
1 47319U 21002L   23198.38959671  .00028571  00000+0  72151-3 0  9991
2 47319  60.6794 304.5916 0006951 243.2840 116.7543 15.39699189138863
1 47319U 21002L   23199.42859286  .00033768  00000+0  84878-3 0  9991
2 47319  60.6795 300.5929 0006719 246.7883 113.2504 15.39768374139022
1 47319U 21002L   23200.40261258  .00025935  00000+0  65335-3 0  9992
2 47319  60.6793 296.8440 0006597 249.6155 110.4231 15.39820919139179
1 47319U 21002L   23201.70125733  .00025538  00000+0  64219-3 0  9992
2 47319  60.6790 291.8457 0006516 253.7823 106.2555 15.39883807139377
1 47319U 21002L   23202.74013245  .00028111  00000+0  70455-3 0  9990
2 47319  60.6783 287.8460 0006530 257.4497 102.5868 15.39940074139536
1 47319U 21002L   23205.20730714  .00025492  00000+0  63708-3 0  9993
2 47319  60.6779 278.3454 0006359 264.2648  95.7722 15.40074568139914
1 47319U 21002L   23206.57065527  .00024342  00000+0  60742-3 0  9995
2 47319  60.6778 273.0951 0006402 268.7660  91.2702 15.40143430140128
1 47319U 21002L   23207.73918957  .00032212  00000+0  79853-3 0  9996
2 47319  60.6776 268.5942 0006442 272.2802  87.7556 15.40213245140306
1 47319U 21002L   23207.86902305  .00030060  00000+0  74577-3 0  9997
2 47319  60.6776 268.0939 0006454 272.3629  87.6727 15.40219995140327
1 47319U 21002L   23209.29715439  .00021958  00000+0  54621-3 0  9990
2 47319  60.6777 262.5924 0006407 276.6531  83.3835 15.40292850140546
1 47319U 21002L   23209.55680806  .00021820  00000+0  54266-3 0  9991
2 47319  60.6776 261.5922 0006397 277.5800  82.4569 15.40303900140586
1 47319U 21002L   23210.40066677  .00025110  00000+0  62208-3 0  9992
2 47319  60.6777 258.3415 0006366 280.2168  79.8209 15.40348230140713
1 47319U 21002L   23211.43922959  .00023026  00000+0  57030-3 0  9991
2 47319  60.6773 254.3405 0006448 282.8578  77.1796 15.40399504140877
1 47319U 21002L   23212.41284797  .00028875  00000+0  71124-3 0  9998
2 47319  60.6766 250.5889 0006549 285.0802  74.9568 15.40456356141029
1 47319U 21002L   23213.45133716  .00025497  00000+0  62813-3 0  9999
2 47319  60.6760 246.5870 0006586 287.8061  72.2315 15.40510483141186
1 47319U 21002L   23214.55469369  .00027218  00000+0  66858-3 0  9993
2 47319  60.6758 242.3346 0006604 290.9542  69.0846 15.40566651141355
1 47319U 21002L   23216.04739675  .00027057  00000+0  66275-3 0  9993
2 47319  60.6761 236.5815 0006701 293.5332  66.5059 15.40654627141583
1 47319U 21002L   23217.41023221  .00035159  00000+0  85566-3 0  9994
2 47319  60.6762 231.3279 0006864 296.6105  63.4287 15.40732931141790
1 47319U 21002L   23218.44852998  .00027086  00000+0  66032-3 0  9996
2 47319  60.6764 227.3248 0006926 299.1529  60.8872 15.40796693141954
1 47319U 21002L   23219.74634771  .00029014  00000+0  70490-3 0  9993
2 47319  60.6767 222.3210 0006923 301.5109  58.5310 15.40868725142150
1 47319U 21002L   23220.71966784  .00032518  00000+0  78707-3 0  9996
2 47319  60.6766 218.5680 0006991 303.0960  56.9464 15.40931627142305
1 47319U 21002L   23221.69295014  .00029033  00000+0  70254-3 0  9992
2 47319  60.6762 214.8151 0007132 304.6114  55.4308 15.40988415142453
1 47319U 21002L   23222.92572366  .00028819  00000+0  69578-3 0  9995
2 47319  60.6760 210.0608 0007213 306.7031  53.3401 15.41060704142642
1 47319U 21002L   23224.09356242  .00028691  00000+0  69120-3 0  9999
2 47319  60.6763 205.5565 0007267 309.5214  50.5239 15.41127459142828
1 47319U 21002L   23225.32622437  .00028977  00000+0  69630-3 0  9991
2 47319  60.6761 200.8018 0007400 311.0178  49.0277 15.41199040143015
1 47319U 21002L   23226.42908425  .00028345  00000+0  67991-3 0  9994
2 47319  60.6761 196.5470 0007541 312.0927  47.9527 15.41261889143181
1 47319U 21002L   23228.05085447  .00032192  00000+0  76822-3 0  9993
2 47319  60.6767 190.2892 0007611 314.2446  45.8024 15.41359661143437
1 47319U 21002L   23229.08873107  .00035483  00000+0  84362-3 0  9999
2 47319  60.6771 186.2848 0007610 315.8376  44.2111 15.41429938143598
1 47319U 21002L   23230.12655737  .00033983  00000+0  80646-3 0  9997
2 47319  60.6774 182.2797 0007709 317.1601  42.8893 15.41503818143754
1 47319U 21002L   23231.16433442  .00035412  00000+0  83779-3 0  9998
2 47319  60.6774 178.2744 0007854 317.8687  42.1805 15.41577986143914
1 47319U 21002L   23232.39663288  .00034352  00000+0  81081-3 0  9993
2 47319  60.6774 173.5179 0007987 319.4012  40.6488 15.41660179144100
1 47319U 21002L   23233.82342584  .00032879  00000+0  77416-3 0  9994
2 47319  60.6773 168.0097 0008091 321.5854  38.4665 15.41751278144329
1 47319U 21002L   23235.05558633  .00029805  00000+0  70097-3 0  9998
2 47319  60.6771 163.2518 0008262 323.0794  36.9733 15.41828823144513
1 47319U 21002L   23236.35253162  .00028727  00000+0  67419-3 0  9997
2 47319  60.6771 158.2441 0008422 324.5426  35.5109 15.41907417144719
1 47319U 21002L   23237.32519671  .00030991  00000+0  72498-3 0  9994
2 47319  60.6771 154.4879 0008534 325.8064  34.2481 15.41969307144869
1 47319U 21002L   23237.77909383  .00029471  00000+0  68929-3 0  9991
2 47319  60.6772 152.7349 0008566 326.4194  33.6358 15.41997446144938
1 47319U 21002L   23238.16814239  .00030804  00000+0  71942-3 0  9991
2 47319  60.6774 151.2322 0008662 327.1313  32.9243 15.42020500144993
1 47319U 21002L   23238.75170251  .00032889  00000+0  76633-3 0  9992
2 47319  60.6776 148.9782 0008667 327.3786  32.6773 15.42061272145086
1 47319U 21002L   23238.88138054  .00031731  00000+0  73955-3 0  9990
2 47319  60.6774 148.4774 0008710 327.4455  32.6103 15.42068707145103
1 47319U 21002L   23239.33524849  .00033669  00000+0  78325-3 0  9990
2 47319  60.6775 146.7239 0008750 327.6479  32.4079 15.42099162145179
1 47319U 21002L   23239.85394354  .00030464  00000+0  70893-3 0  9995
2 47319  60.6776 144.7206 0008828 327.9430  32.1128 15.42131617145251
1 47319U 21002L   23240.04845161  .00030476  00000+0  70894-3 0  9999
2 47319  60.6777 143.9694 0008883 328.1791  31.8767 15.42143188145282
1 47319U 21002L   23240.89130105  .00030693  00000+0  71260-3 0  9996
2 47319  60.6778 140.7138 0009033 328.8428  31.2131 15.42197192145411
1 47319U 21002L   23241.08580080  .00030827  00000+0  71537-3 0  9995
2 47319  60.6777 139.9624 0009059 328.9782  31.0778 15.42208899145447
1 47319U 21002L   23241.86378441  .00029436  00000+0  68247-3 0  9995
2 47319  60.6777 136.9566 0009152 329.8564  30.2004 15.42256161145562
1 47319U 21002L   23242.18793766  .00030005  00000+0  69502-3 0  9991
2 47319  60.6777 135.7041 0009192 330.3629  29.6945 15.42275219145617
1 47319U 21002L   23243.22519943  .00028278  00000+0  65420-3 0  9994
2 47319  60.6774 131.6960 0009408 331.7364  28.3220 15.42336978145779
1 47319U 21002L   23244.39207132  .00029643  00000+0  68375-3 0  9996
2 47319  60.6769 127.1864 0009569 332.3933  27.6654 15.42403399145958
1 47319U 21002L   23245.36442341  .00030093  00000+0  69251-3 0  9992
2 47319  60.6764 123.4280 0009768 333.1175  26.9413 15.42464521146109
1 47319U 21002L   23245.81817364  .00052420  00000+0  11952-2 0  9995
2 47319  60.6763 121.6743 0009801 333.5614  26.4981 15.42511618146174
1 47319U 21002L   23246.07745454  .00035478  00000+0  81299-3 0  9990
2 47319  60.6762 120.6721 0009830 333.7983  26.2615 15.42518779146213
1 47319U 21002L   23247.17936632  .00030605  00000+0  70106-3 0  9994
2 47319  60.6761 116.4121 0010004 335.1336  24.9277 15.42591702146386
1 47319U 21002L   23248.08678869  .00027217  00000+0  62355-3 0  9992
2 47319  60.6763 112.9040 0010173 336.0469  24.0152 15.42639812146527
1 47319U 21002L   23249.12380675  .00031254  00000+0  71301-3 0  9990
2 47319  60.6763 108.8942 0010475 336.5459  23.5158 15.42700055146686
1 47319U 21002L   23249.18861918  .00030696  00000+0  70038-3 0  9995
2 47319  60.6763 108.6435 0010481 336.6425  23.4194 15.42703366146690
1 47319U 21002L   23250.29040508  .00033331  00000+0  75790-3 0  9992
2 47319  60.6766 104.3836 0010695 337.8136  22.2496 15.42767762146861
1 47319U 21002L   23250.61445080  .00033258  00000+0  75575-3 0  9991
2 47319  60.6766 103.1303 0010733 338.1573  21.9064 15.42787733146912
1 47319U 21002L   23251.13291574  .00032055  00000+0  72808-3 0  9996
2 47319  60.6765 101.1257 0010819 338.6391  21.4252 15.42816761146991
1 47319U 21002L   23251.78098302  .00029329  00000+0  66622-3 0  9998
2 47319  60.6767  98.6194 0010934 339.3130  20.7522 15.42852225147099
1 47319U 21002L   23251.91059482  .00031697  00000+0  71894-3 0  9997
2 47319  60.6768  98.1183 0011014 339.5198  20.5455 15.42860894147116
1 47319U 21002L   23252.29942499  .00030174  00000+0  68433-3 0  9992
2 47319  60.6767  96.6145 0011109 339.7308  20.3346 15.42884456147179
1 47319U 21002L   23252.81785611  .00032930  00000+0  74499-3 0  9992
2 47319  60.6767  94.6097 0011252 340.0883  19.9773 15.42918343147255
1 47319U 21002L   23253.14186945  .00030756  00000+0  69604-3 0  9990
2 47319  60.6767  93.3566 0011252 340.2920  19.7740 15.42938760147309
1 47319U 21002L   23254.11388501  .00031033  00000+0  70073-3 0  9991
2 47319  60.6764  89.5967 0011524 340.8762  19.1900 15.42998497147451
1 47319U 21002L   23255.53944023  .00034007  00000+0  76436-3 0  9998
2 47319  60.6764  84.0805 0011923 342.5490  17.5195 15.43090718147674
1 47319U 21002L   23255.73382678  .00035293  00000+0  79246-3 0  9992
2 47319  60.6764  83.3288 0011949 342.7387  17.3302 15.43105207147708
1 47319U 21002L   23255.86341605  .00047546  00000+0  10625-2 0  9990
2 47319  60.6763  82.8273 0012016 342.8507  17.2182 15.43125599147729
1 47319U 21002L   23256.05779846  .00047958  00000+0  10709-2 0  9994
2 47319  60.6762  82.0751 0012055 343.1068  16.9625 15.43143624147750
1 47319U 21002L   23256.25217852  .00050391  00000+0  11238-2 0  9993
2 47319  60.6763  81.3236 0011988 343.3567  16.7135 15.43163237147780
1 47319U 21002L   23256.83530458  .00039105  00000+0  87364-3 0  9991
2 47319  60.6763  79.0672 0012154 343.6496  16.4207 15.43210145147876
1 47319U 21002L   23257.09446659  .00037323  00000+0  83379-3 0  9991
2 47319  60.6761  78.0643 0012211 343.8124  16.2581 15.43229572147917
1 47319U 21002L   23257.48320351  .00037018  00000+0  82625-3 0  9998
2 47319  60.6760  76.5598 0012292 343.9700  16.1006 15.43258583147979
1 47319U 21002L   23257.80714599  .00033086  00000+0  73917-3 0  9990
2 47319  60.6760  75.3060 0012394 344.1379  15.9327 15.43277437148027
1 47319U 21002L   23258.45501501  .00039672  00000+0  88236-3 0  9996
2 47319  60.6759  72.7983 0012561 344.5124  15.5587 15.43331610148127
1 47319U 21002L   23258.58458678  .00032210  00000+0  71843-3 0  9993
2 47319  60.6759  72.2967 0012591 344.6389  15.4324 15.43334808148143
1 47319U 21002L   23258.84372790  .00034016  00000+0  75760-3 0  9990
2 47319  60.6761  71.2940 0012692 344.9781  15.0937 15.43353437148186
1 47319U 21002L   23259.55635033  .00030891  00000+0  68782-3 0  9994
2 47319  60.6764  68.5354 0012891 345.8790  14.1944 15.43400905148291
1 47319U 21002L   23260.00982574  .00035013  00000+0  77726-3 0  9990
2 47319  60.6763  66.7801 0013009 346.2411  13.8329 15.43434078148363
1 47319U 21002L   23260.46329114  .00046301  00000+0  10224-2 0  9996
2 47319  60.6766  65.0248 0013114 346.7950  13.2802 15.43476152148430
1 47319U 21002L   23260.72240948  .00051223  00000+0  11287-2 0  9991
2 47319  60.6769  64.0220 0013178 347.0802  12.9955 15.43498505148477
1 47319U 21002L   23260.91674630  .00043269  00000+0  95528-3 0  9993
2 47319  60.6770  63.2698 0013222 347.2934  12.7827 15.43507200148500
1 47319U 21002L   23261.56452039  .00042035  00000+0  92668-3 0  9994
2 47319  60.6770  60.7620 0013427 347.5829  12.4934 15.43559243148601
1 47319U 21002L   23261.88839806  .00048873  00000+0  10740-2 0  9996
2 47319  60.6769  59.5081 0013533 347.6325  12.4438 15.43592779148651
1 47319U 21002L   23262.14749431  .00052483  00000+0  11510-2 0  9998
2 47319  60.6772  58.5050 0013626 347.9394  12.1374 15.43623349148690
1 47319U 21002L   23263.50767208  .00044337  00000+0  96974-3 0  9998
2 47319  60.6772  53.2376 0014008 349.0095  11.0694 15.43763645148900
1 47319U 21002L   23263.57243974  .00046251  00000+0  10107-2 0  9994
2 47319  60.6773  52.9863 0014193 349.3311  10.7483 15.43770528148918
1 47319U 21002L   23263.89627410  .00038946  00000+0  85228-3 0  9999
2 47319  60.6773  51.7319 0014190 349.6027  10.4774 15.43798008148963
1 47319U 21002L   23264.54392571  .00040145  00000+0  87655-3 0  9999
2 47319  60.6775  49.2243 0014324 350.2488   9.8328 15.43849963149067
1 47319U 21002L   23264.80298024  .00042552  00000+0  92764-3 0  9997
2 47319  60.6775  48.2211 0014404 350.4802   9.6020 15.43872212149107
1 47319U 21002L   23265.51536014  .00042205  00000+0  91815-3 0  9991
2 47319  60.6776  45.4618 0014608 351.0441   9.0393 15.43934173149214
1 47319U 21002L   23265.83915938  .00046480  00000+0  10087-2 0  9992
2 47319  60.6776  44.2078 0014714 351.2195   8.8642 15.43965801149268
1 47319U 21002L   23266.55149592  .00044013  00000+0  95371-3 0  9997
2 47319  60.6773  41.4478 0014938 351.6380   8.4466 15.44028764149377
1 47319U 21002L   23266.94003041  .00045123  00000+0  97615-3 0  9994
2 47319  60.6772  39.9423 0015100 351.9301   8.1550 15.44065612149437
1 47319U 21002L   23267.58756603  .00047151  00000+0  10171-2 0  9998
2 47319  60.6772  37.4327 0015281 352.5104   7.5762 15.44129884149532
1 47319U 21002L   23267.91132423  .00047404  00000+0  10213-2 0  9991
2 47319  60.6771  36.1781 0015400 352.8822   7.2054 15.44161846149584
1 47319U 21002L   23268.04082574  .00048547  00000+0  10451-2 0  9990
2 47319  60.6772  35.6765 0015460 353.0681   7.0200 15.44175038149605
1 47319U 21002L   23268.36457303  .00086744  00000+0  18491-2 0  9994
2 47319  60.6773  34.4213 0015688 353.5587   6.5306 15.44225949149656
1 47319U 21002L   23268.55881726  .00056983  00000+0  12212-2 0  9992
2 47319  60.6775  33.6683 0015688 353.8046   6.2854 15.44241186149682
1 47319U 21002L   23268.81780498  .00057865  00000+0  12384-2 0  9995
2 47319  60.6776  32.6645 0015669 354.0707   6.0202 15.44275901149728
1 47319U 21002L   23268.88255096  .00051602  00000+0  11058-2 0  9993
2 47319  60.6776  32.4136 0015691 354.0911   5.9998 15.44281953149738
1 47319U 21002L   23269.52999518  .00059460  00000+0  12684-2 0  9995
2 47319  60.6777  29.9044 0015940 354.5683   5.5239 15.44356946149836
1 47319U 21002L   23269.85370499  .00056826  00000+0  12112-2 0  9991
2 47319  60.6779  28.6499 0015980 354.7093   5.3832 15.44398310149882
1 47319U 21002L   23269.91844601  .00055298  00000+0  11788-2 0  9999
2 47319  60.6779  28.3989 0016015 354.7231   5.3695 15.44404180149898
1 47319U 21002L   23270.50110319  .00045583  00000+0  97228-3 0  9998
2 47319  60.6778  26.1401 0016260 355.0758   5.0177 15.44458968149987
1 47319U 21002L   23270.82479248  .00044257  00000+0  94328-3 0  9997
2 47319  60.6781  24.8849 0016312 355.3024   4.7917 15.44491682150035
1 47319U 21002L   23271.60162112  .00044405  00000+0  94402-3 0  9991
2 47319  60.6781  21.8732 0016608 356.0848   4.0116 15.44560622150151
1 47319U 21002L   23271.86055596  .00043447  00000+0  92315-3 0  9992
2 47319  60.6782  20.8692 0016676 356.3510   3.7462 15.44584314150198
1 47319U 21002L   23271.99002214  .00043678  00000+0  92761-3 0  9996
2 47319  60.6783  20.3672 0016716 356.6007   3.4974 15.44595767150213
1 47319U 21002L   23272.57260624  .00051237  00000+0  10835-2 0  9993
2 47319  60.6784  18.1081 0016896 357.2167   2.8833 15.44655069150305
1 47319U 21002L   23272.76679602  .00052806  00000+0  11154-2 0  9992
2 47319  60.6785  17.3551 0016982 357.3928   2.7078 15.44675740150332
1 47319U 21002L   23272.83152532  .00050206  00000+0  10610-2 0  9996
2 47319  60.6785  17.1041 0016987 357.4371   2.6636 15.44680735150342
1 47319U 21002L   23273.60825626  .00046603  00000+0  98319-3 0  9992
2 47319  60.6786  14.0921 0017183 358.0885   2.0143 15.44756239150465
1 47319U 21002L   23274.51438742  .00049687  00000+0  10434-2 0  9998
2 47319  60.6783  10.5774 0017427 358.5856   1.5188 15.44863013150601
1 47319U 21002L   23274.64383026  .00048941  00000+0  10274-2 0  9990
2 47319  60.6782  10.0751 0017520 358.6421   1.4626 15.44876627150626
1 47319U 21002L   23275.80876283  .00051841  00000+0  10826-2 0  9997
2 47319  60.6780   5.5559 0017874 359.8279   0.2809 15.45001028150801
1 47319U 21002L   23276.58533351  .00049269  00000+0  10268-2 0  9990
2 47319  60.6776   2.5428 0018073   0.6152 359.4964 15.45077022150922
1 47319U 21002L   23276.65004599  .00047581  00000+0  99188-3 0  9999
2 47319  60.6778   2.2911 0018042   0.6654 359.4464 15.45083658150939
1 47319U 21002L   23277.36186291  .00054939  00000+0  11398-2 0  9999
2 47319  60.6778 359.5291 0018205   1.2657 358.8483 15.45164368151044
1 47319U 21002L   23277.55598781  .00057587  00000+0  11930-2 0  9995
2 47319  60.6776 358.7758 0018154   1.3899 358.7246 15.45189515151073
1 47319U 21002L   23277.68540304  .00056207  00000+0  11641-2 0  9994
2 47319  60.6777 358.2736 0018165   1.5372 358.5777 15.45206483151098
1 47319U 21002L   23278.46186485  .00061789  00000+0  12736-2 0  9994
2 47319  60.6774 355.2598 0018432   1.9166 358.1998 15.45304100151210
1 47319U 21002L   23278.52656804  .00061198  00000+0  12613-2 0  9996
2 47319  60.6773 355.0086 0018431   1.9304 358.1861 15.45310701151226
1 47319U 21002L   23279.56177168  .00057403  00000+0  11789-2 0  9999
2 47319  60.6772 350.9894 0018692   2.8479 357.2721 15.45434353151380
1 47319U 21002L   23279.69116685  .00054994  00000+0  11295-2 0  9994
2 47319  60.6774 350.4870 0018710   3.0654 357.0554 15.45448754151405
1 47319U 21002L   23280.53220463  .00052479  00000+0  10750-2 0  9990
2 47319  60.6774 347.2215 0018984   4.0019 356.1227 15.45538570151538
1 47319U 21002L   23280.92035866  .00055880  00000+0  11419-2 0  9996
2 47319  60.6775 345.7147 0019126   4.4035 355.7227 15.45581781151590
1 47319U 21002L   23280.98504990  .00057792  00000+0  11801-2 0  9990
2 47319  60.6776 345.4635 0019161   4.4226 355.7037 15.45589677151604
1 47319U 21002L   23281.50256797  .00058348  00000+0  11887-2 0  9990
2 47319  60.6775 343.4535 0019209   4.8219 355.3060 15.45652604151680
1 47319U 21002L   23281.76131979  .00057739  00000+0  11752-2 0  9996
2 47319  60.6776 342.4487 0019260   5.0247 355.1040 15.45682857151721
1 47319U 21002L   23282.34349244  .00056054  00000+0  11386-2 0  9999
2 47319  60.6773 340.1877 0019423   5.3650 354.7652 15.45749621151815
1 47319U 21002L   23282.53754455  .00052860  00000+0  10738-2 0  9995
2 47319  60.6773 339.4338 0019413   5.4970 354.6337 15.45770757151849
1 47319U 21002L   23282.86095771  .00061025  00000+0  12354-2 0  9999
2 47319  60.6773 338.1778 0019548   5.8065 354.3256 15.45812213151897
1 47319U 21002L   23283.50775839  .00059005  00000+0  11916-2 0  9999
2 47319  60.6770 335.6646 0019627   6.4306 353.7040 15.45894993151993
1 47319U 21002L   23283.57243680  .00057356  00000+0  11584-2 0  9998
2 47319  60.6770 335.4133 0019636   6.5452 353.5899 15.45903354152000
1 47319U 21002L   23283.70179249  .00056956  00000+0  11498-2 0  9991
2 47319  60.6771 334.9108 0019675   6.7030 353.4327 15.45918241152022
1 47319U 21002L   23284.54257219  .00053581  00000+0  10788-2 0  9990
2 47319  60.6769 331.6438 0019861   7.6355 352.5041 15.46015404152153
1 47319U 21002L   23285.57730541  .00052719  00000+0  10572-2 0  9991
2 47319  60.6766 327.6228 0020048   8.5027 351.6406 15.46134329152318
1 47319U 21002L   23285.77130931  .00056671  00000+0  11345-2 0  9990
2 47319  60.6765 326.8689 0020121   8.6077 351.5362 15.46154257152342
1 47319U 21002L   23285.90064382  .00059513  00000+0  11900-2 0  9996
2 47319  60.6764 326.3664 0020173   8.6886 351.4557 15.46168083152363
1 47319U 21002L   23286.54729714  .00063146  00000+0  12581-2 0  9997
2 47319  60.6760 323.8524 0020202   9.1675 350.9788 15.46249109152461
1 47319U 21002L   23286.87061062  .00073908  00000+0  14670-2 0  9996
2 47319  60.6758 322.5956 0020318   9.3887 350.7586 15.46292566152513
1 47319U 21002L   23287.45255285  .00059482  00000+0  11812-2 0  9999
2 47319  60.6756 320.3328 0020379   9.9501 350.1996 15.46364595152607
1 47319U 21002L   23287.58187015  .00054439  00000+0  10818-2 0  9990
2 47319  60.6757 319.8299 0020393  10.1508 349.9998 15.46378547152627
1 47319U 21002L   23287.90515813  .00056858  00000+0  11279-2 0  9996
2 47319  60.6756 318.5731 0020558  10.4330 349.7190 15.46408488152677
1 47319U 21002L   23288.16378331  .00054533  00000+0  10813-2 0  9998
2 47319  60.6755 317.5673 0020613  10.6843 349.4688 15.46436425152719
1 47319U 21002L   23288.55171308  .00050553  00000+0  10021-2 0  9995
2 47319  60.6755 316.0589 0020608  11.0352 349.1194 15.46474399152770
1 47319U 21002L   23288.87498045  .00051468  00000+0  10188-2 0  9990
2 47319  60.6755 314.8017 0020645  11.3584 348.7976 15.46507600152824
1 47319U 21002L   23289.19824079  .00050811  00000+0  10048-2 0  9992
2 47319  60.6754 313.5444 0020685  11.6549 348.5024 15.46540544152872
1 47319U 21002L   23289.45684430  .00052512  00000+0  10370-2 0  9994
2 47319  60.6754 312.5386 0020717  11.8559 348.3022 15.46567117152911
1 47319U 21002L   23289.65079456  .00049232  00000+0  97250-3 0  9990
2 47319  60.6753 311.7841 0020737  11.9891 348.1697 15.46583401152942
1 47319U 21002L   23290.42657035  .00046493  00000+0  91669-3 0  9996
2 47319  60.6752 308.7663 0020843  12.5811 347.5803 15.46657370153069
1 47319U 21002L   23291.13766608  .00050809  00000+0  99808-3 0  9991
2 47319  60.6751 305.9998 0020926  13.1946 346.9695 15.46728165153171
1 47319U 21002L   23291.46088107  .00047804  00000+0  93886-3 0  9999
2 47319  60.6752 304.7425 0021000  13.6102 346.5557 15.46756391153228
1 47319U 21002L   23292.17192791  .00059104  00000+0  11540-2 0  9995
2 47319  60.6754 301.9756 0021106  14.3145 345.8547 15.46840708153337
1 47319U 21002L   23292.55975515  .00058334  00000+0  11373-2 0  9998
2 47319  60.6756 300.4662 0021083  14.8596 345.3117 15.46888941153393
1 47319U 21002L   23292.88293505  .00064583  00000+0  12555-2 0  9992
2 47319  60.6755 299.2087 0021258  14.9561 345.2161 15.46928396153448
1 47319U 21002L   23293.20610660  .00049660  00000+0  96764-3 0  9998
2 47319  60.6754 297.9509 0021252  15.1471 345.0259 15.46964128153492
1 47319U 21002L   23293.59390319  .00051346  00000+0  99858-3 0  9997
2 47319  60.6754 296.4418 0021245  15.3859 344.7881 15.47006435153552
1 47319U 21002L   23294.43409141  .00063789  00000+0  12324-2 0  9991
2 47319  60.6751 293.1715 0021301  16.0782 344.0988 15.47111551153680
1 47319U 21002L   23294.56334587  .00044613  00000+0  86578-3 0  9994
2 47319  60.6751 292.6683 0021323  16.1293 344.0480 15.47121735153705
1 47319U 21002L   23295.14497491  .00041494  00000+0  80406-3 0  9991
2 47319  60.6748 290.4040 0021473  16.6266 343.5532 15.47189707153799
1 47319U 21002L   23295.46809158  .00038301  00000+0  74209-3 0  9990
2 47319  60.6750 289.1460 0021497  17.0922 343.0895 15.47225632153844
1 47319U 21002L   23296.17892411  .00049670  00000+0  95641-3 0  9997
2 47319  60.6748 286.3789 0021564  17.6480 342.5362 15.47299501153955
1 47319U 21002L   23296.69587411  .00043324  00000+0  83449-3 0  9998
2 47319  60.6748 284.3661 0021614  18.0377 342.1484 15.47342614154033
1 47319U 21002L   23297.21280818  .00044291  00000+0  85143-3 0  9995
2 47319  60.6745 282.3533 0021608  18.3978 341.7897 15.47391157154117
1 47319U 21002L   23297.40665468  .00043440  00000+0  83481-3 0  9992
2 47319  60.6744 281.5984 0021621  18.5018 341.6862 15.47407641154149
1 47319U 21002L   23298.37585428  .00044765  00000+0  85728-3 0  9993
2 47319  60.6738 277.8235 0021687  19.2040 340.9871 15.47494785154297
1 47319U 21002L   23299.28038936  .00054505  00000+0  10376-2 0  9990
2 47319  60.6736 274.2998 0021758  20.0656 340.1293 15.47587412154430
1 47319U 21002L   23300.31407056  .00066489  00000+0  12566-2 0  9997
2 47319  60.6738 270.2718 0021755  20.8733 339.3249 15.47718289154595
1 47319U 21002L   23301.02467517  .00057994  00000+0  10948-2 0  9997
2 47319  60.6737 267.5027 0021841  21.2297 338.9703 15.47802242154708
1 47319U 21002L   23301.28306648  .00052536  00000+0  99203-3 0  9991
2 47319  60.6741 266.4958 0021757  21.5855 338.6156 15.47834987154747
1 47319U 21002L   23301.86442778  .00076241  00000+0  14282-2 0  9992
2 47319  60.6742 264.2303 0021843  21.9299 338.2729 15.47915273154830
1 47319U 21002L   23302.18739292  .00076322  00000+0  14274-2 0  9999
2 47319  60.6744 262.9712 0021800  22.3327 337.8716 15.47962439154883
1 47319U 21002L   23302.89788470  .00071318  00000+0  13306-2 0  9994
2 47319  60.6747 260.2018 0021954  22.9763 337.2313 15.48055339154998
1 47319U 21002L   23303.15623357  .00071455  00000+0  13314-2 0  9997
2 47319  60.6749 259.1945 0021888  23.2715 336.9369 15.48094156155036
1 47319U 21002L   23303.73749839  .00063291  00000+0  11783-2 0  9992
2 47319  60.6750 256.9289 0021930  23.6600 336.5503 15.48164986155124
1 47319U 21002L   23304.18957353  .00060678  00000+0  11281-2 0  9993
2 47319  60.6748 255.1661 0021823  23.9582 336.2528 15.48223647155190
1 47319U 21002L   23305.22282769  .00061473  00000+0  11375-2 0  9999
2 47319  60.6746 251.1372 0021801  24.5931 335.6202 15.48354270155351
1 47319U 21002L   23305.93314108  .00059970  00000+0  11067-2 0  9997
2 47319  60.6744 248.3672 0021930  25.0791 335.1368 15.48437817155462
1 47319U 21002L   23306.19142609  .00063771  00000+0  11745-2 0  9998
2 47319  60.6745 247.3599 0021759  25.6855 334.5320 15.48474769155509
1 47319U 21002L   23306.83711452  .00061031  00000+0  11214-2 0  9995
2 47319  60.6742 244.8409 0021862  25.9275 334.2914 15.48556770155602
1 47319U 21002L   23307.54733120  .00066543  00000+0  12172-2 0  9997
2 47319  60.6744 242.0700 0021852  26.3224 333.8981 15.48651138155711
1 47319U 21002L   23307.93470409  .00060518  00000+0  11065-2 0  9994
2 47319  60.6741 240.5585 0021841  26.4845 333.7365 15.48701205155772
1 47319U 21002L   23308.51573871  .00065095  00000+0  11858-2 0  9991
2 47319  60.6740 238.2917 0021807  26.8539 333.3683 15.48779088155863
1 47319U 21002L   23308.90307975  .00078349  00000+0  14207-2 0  9991
2 47319  60.6738 236.7800 0021820  27.0813 333.1419 15.48835252155925
1 47319U 21002L   23309.16129765  .00087546  00000+0  15822-2 0  9992
2 47319  60.6738 235.7722 0021761  27.4336 332.7906 15.48884875155960
1 47319U 21002L   23309.93590302  .00135181  00000+0  24107-2 0  9991
2 47319  60.6739 232.7486 0021882  28.1181 332.1095 15.49052457156086
1 47319U 21002L   23310.12953896  .00129938  00000+0  23148-2 0  9992
2 47319  60.6739 231.9924 0021830  28.3646 331.8637 15.49104688156111
1 47319U 21002L   23310.19408391  .00114283  00000+0  20401-2 0  9990
2 47319  60.6739 231.7405 0021811  28.4943 331.7343 15.49112788156127
1 47319U 21002L   23311.16218843  .00082960  00000+0  14798-2 0  9997
2 47319  60.6741 227.9608 0021670  29.2742 330.9566 15.49282917156277
1 47319U 21002L   23311.48486683  .00087191  00000+0  15511-2 0  9996
2 47319  60.6740 226.7006 0021731  29.2078 331.0232 15.49336655156322
1 47319U 21002L   23312.13019563  .00068777  00000+0  12241-2 0  9994
2 47319  60.6741 224.1825 0021574  29.5626 330.6688 15.49424184156427
1 47319U 21002L   23312.19472591  .00069069  00000+0  12286-2 0  9998
2 47319  60.6740 223.9287 0021616  29.4822 330.7492 15.49437429156430
1 47319U 21002L   23312.90453856  .00066164  00000+0  11735-2 0  9991
2 47319  60.6742 221.1556 0021708  29.7912 330.4419 15.49535081156547
1 47319U 21002L   23313.09811583  .00068187  00000+0  12076-2 0  9993
2 47319  60.6743 220.3983 0021741  30.1292 330.1053 15.49564029156575
1 47319U 21002L   23313.93691223  .00063079  00000+0  11139-2 0  9997
2 47319  60.6747 217.1211 0021798  30.6090 329.6277 15.49675254156709
1 47319U 21002L   23314.45306380  .00064893  00000+0  11426-2 0  9996
2 47319  60.6747 215.1038 0021814  30.7484 329.4888 15.49746473156787
1 47319U 21002L   23314.90467925  .00054967  00000+0  96824-3 0  9996
2 47319  60.6746 213.3386 0021817  30.9663 329.2718 15.49798958156859
1 47319U 21002L   23315.42079278  .00057525  00000+0  10106-2 0  9995
2 47319  60.6744 211.3215 0021815  31.1661 329.0728 15.49856735156931
1 47319U 21002L   23315.93688798  .00051441  00000+0  90338-3 0  9991
2 47319  60.6743 209.3040 0021826  31.3996 328.8401 15.49910271157019
1 47319U 21002L   23316.06590888  .00050504  00000+0  88669-3 0  9991
2 47319  60.6742 208.7995 0021815  31.5717 328.6687 15.49924892157031
1 47319U 21002L   23316.90451879  .00053566  00000+0  93672-3 0  9991
2 47319  60.6740 205.5211 0021936  32.1467 328.0965 15.50011495157163
1 47319U 21002L   23317.03353122  .00053837  00000+0  94095-3 0  9999
2 47319  60.6739 205.0166 0021886  32.2617 327.9816 15.50026162157189
1 47319U 21002L   23318.00108681  .00050690  00000+0  88335-3 0  9999
2 47319  60.6733 201.2336 0021911  32.6604 327.5846 15.50131760157336
1 47319U 21002L   23318.38809162  .00043132  00000+0  75241-3 0  9997
2 47319  60.6730 199.7204 0021964  32.5976 327.6474 15.50165191157396
1 47319U 21002L   23318.64609013  .00043591  00000+0  75966-3 0  9992
2 47319  60.6728 198.7116 0022002  32.6171 327.6282 15.50188246157434
1 47319U 21002L   23319.09757597  .00045875  00000+0  79744-3 0  9998
2 47319  60.6726 196.9458 0021963  33.0180 327.2286 15.50240290157507
1 47319U 21002L   23320.06500174  .00046253  00000+0  80115-3 0  9999
2 47319  60.6722 193.1618 0022094  33.5949 326.6546 15.50334601157652
1 47319U 21002L   23320.90339129  .00045440  00000+0  78508-3 0  9992
2 47319  60.6720 189.8829 0022166  33.9468 326.3045 15.50410902157780
1 47319U 21002L   23321.61276991  .00034809  00000+0  60268-3 0  9999
2 47319  60.6721 187.1079 0022194  34.1698 326.0825 15.50459877157897
1 47319U 21002L   23321.93520670  .00036718  00000+0  63466-3 0  9994
2 47319  60.6717 185.8462 0022227  34.2432 326.0096 15.50484184157942
1 47319U 21002L   23322.58006699  .00034620  00000+0  59792-3 0  9993
2 47319  60.6722 183.3231 0022341  34.7287 325.5266 15.50528568158045
1 47319U 21002L   23322.64455186  .00034345  00000+0  59315-3 0  9994
2 47319  60.6722 183.0707 0022333  34.7793 325.4762 15.50533122158056
1 47319U 21002L   23322.90248992  .00033429  00000+0  57722-3 0  9990
2 47319  60.6724 182.0611 0022378  34.9050 325.3512 15.50549094158099
1 47319U 21002L   23323.61180347  .00038045  00000+0  65429-3 0  9990
2 47319  60.6726 179.2855 0022483  35.2717 324.9866 15.50604808158205
1 47319U 21002L   23323.86972973  .00038122  00000+0  65515-3 0  9993
2 47319  60.6727 178.2762 0022527  35.3693 324.8895 15.50622768158245
1 47319U 21002L   23323.93421085  .00034677  00000+0  59673-3 0  9993
2 47319  60.6727 178.0239 0022539  35.4206 324.8386 15.50624954158251
1 47319U 21002L   23324.32109228  .00038702  00000+0  66410-3 0  9999
2 47319  60.6728 176.5100 0022568  35.5837 324.6762 15.50658466158313
1 47319U 21002L   23324.90139869  .00043000  00000+0  73533-3 0  9998
2 47319  60.6729 174.2389 0022609  35.7619 324.4990 15.50710871158404
1 47319U 21002L   23324.96587615  .00042142  00000+0  72074-3 0  9995
2 47319  60.6728 173.9865 0022614  35.7762 324.4848 15.50715569158415
1 47319U 21002L   23325.28825902  .00042132  00000+0  71980-3 0  9999
2 47319  60.6729 172.7248 0022648  35.8709 324.3906 15.50744706158461
1 47319U 21002L   23325.73958380  .00051670  00000+0  87865-3 0  9992
2 47319  60.6728 170.9579 0022690  36.0480 324.2144 15.50794668158536
1 47319U 21002L   23325.86853109  .00057263  00000+0  97177-3 0  9990
2 47319  60.6727 170.4532 0022714  36.0993 324.1635 15.50811787158553
1 47319U 21002L   23326.57771451  .00073871  00000+0  12445-2 0  9995
2 47319  60.6726 167.6769 0022798  36.3899 323.8746 15.50914937158664
1 47319U 21002L   23326.83558771  .00070200  00000+0  11819-2 0  9999
2 47319  60.6726 166.6668 0022896  36.4160 323.8492 15.50950510158702
1 47319U 21002L   23326.90005547  .00064152  00000+0  10812-2 0  9996
2 47319  60.6726 166.4143 0022912  36.4342 323.8312 15.50955966158711
1 47319U 21002L   23327.54470780  .00061304  00000+0  10305-2 0  9995
2 47319  60.6722 163.8908 0022983  36.5530 323.7133 15.51045213158812
1 47319U 21002L   23327.86702029  .00058036  00000+0  97488-3 0  9990
2 47319  60.6721 162.6284 0022907  36.7238 323.5426 15.51088023158862
1 47319U 21002L   23328.89836566  .00064729  00000+0  10806-2 0  9992
2 47319  60.6715 158.5889 0022942  36.9770 323.2906 15.51218189159029
1 47319U 21002L   23329.92961844  .00129836  00000+0  21301-2 0  9998
2 47319  60.6713 154.5488 0023106  37.5591 322.7117 15.51395249159187
1 47319U 21002L   23330.83186740  .00053115  00000+0  87943-3 0  9995
2 47319  60.6713 151.0135 0023165  37.8220 322.4503 15.51519068159324
1 47319U 21002L   23331.60516330  .00061549  00000+0  10128-2 0  9993
2 47319  60.6712 147.9830 0023329  37.6795 322.5934 15.51630351159447
1 47319U 21002L   23331.79847904  .00063708  00000+0  10468-2 0  9993
2 47319  60.6716 147.2256 0023321  37.7830 322.4902 15.51658064159477
1 47319U 21002L   23331.86291667  .00067746  00000+0  11117-2 0  9998
2 47319  60.6716 146.9731 0023326  37.7277 322.5454 15.51670563159483
1 47319U 21002L   23332.57170780  .00070899  00000+0  11582-2 0  9998
2 47319  60.6718 144.1939 0023622  37.7943 322.4811 15.51770294159594
1 47319U 21002L   23332.82943802  .00070026  00000+0  11426-2 0  9998
2 47319  60.6721 143.1826 0023594  37.9285 322.3471 15.51808699159638
1 47319U 21002L   23332.89386956  .00070505  00000+0  11498-2 0  9997
2 47319  60.6721 142.9299 0023607  37.9069 322.3687 15.51820677159644
1 47319U 21002L   23333.60258939  .00074921  00000+0  12157-2 0  9995
2 47319  60.6724 140.1517 0023852  37.8772 322.4001 15.51929713159756
1 47319U 21002L   23333.79586827  .00073566  00000+0  11929-2 0  9995
2 47319  60.6726 139.3939 0023829  38.0090 322.2686 15.51956663159780
1 47319U 21002L   23334.82662934  .00076006  00000+0  12251-2 0  9995
2 47319  60.6728 135.3515 0023979  38.1837 322.0957 15.52106185159948
1 47319U 21002L   23335.79287336  .00083112  00000+0  13297-2 0  9998
2 47319  60.6729 131.5621 0024181  38.4576 321.8242 15.52270946160093
1 47319U 21002L   23336.56578246  .00059169  00000+0  94591-3 0  9999
2 47319  60.6731 128.5300 0024333  38.6651 321.6186 15.52421953160216
1 47319U 21002L   23336.75899907  .00059780  00000+0  95446-3 0  9999
2 47319  60.6730 127.7708 0024316  38.8498 321.4345 15.52453788160249
1 47319U 21002L   23337.40302969  .00064990  00000+0  10328-2 0  9993
2 47319  60.6730 125.2444 0024629  38.5673 321.7182 15.52542356160341
1 47319U 21002L   23337.59623254  .00060546  00000+0  96237-3 0  9993
2 47319  60.6728 124.4848 0024589  38.6632 321.6223 15.52565135160376
1 47319U 21002L   23337.72503363  .00058645  00000+0  93221-3 0  9993
2 47319  60.6726 123.9795 0024600  38.4396 321.8451 15.52575172160397
1 47319U 21002L   23338.56220695  .00062259  00000+0  98503-3 0  9994
2 47319  60.6724 120.6931 0024820  38.5600 321.7268 15.52675659160525
1 47319U 21002L   23339.39932663  .00057777  00000+0  91174-3 0  9997
2 47319  60.6723 117.4068 0024982  38.8897 321.3995 15.52772013160658
1 47319U 21002L   23339.52810935  .00059872  00000+0  94370-3 0  9998
2 47319  60.6724 116.9011 0024978  39.0225 321.2672 15.52790664160679
1 47319U 21002L   23340.49393858  .00053457  00000+0  84027-3 0  9997
2 47319  60.6724 113.1091 0025144  39.2861 321.0058 15.52905121160829
1 47319U 21002L   23340.55832449  .00049411  00000+0  77734-3 0  9990
2 47319  60.6725 112.8562 0025128  39.4212 320.8711 15.52912226160831
1 47319U 21002L   23341.52408442  .00045612  00000+0  71577-3 0  9998
2 47319  60.6719 109.0622 0025303  39.5016 320.7923 15.53008023160989
1 47319U 21002L   23342.55416805  .00044429  00000+0  69494-3 0  9994
2 47319  60.6722 105.0165 0025604  39.8067 320.4906 15.53098910161145
1 47319U 21002L   23343.51981535  .00041876  00000+0  65341-3 0  9998
2 47319  60.6724 101.2229 0025795  40.2006 320.0997 15.53184358161290
1 47319U 21002L   23344.61415495  .00039784  00000+0  61908-3 0  9997
2 47319  60.6728  96.9236 0026025  40.4521 319.8509 15.53272922161462
1 47319U 21002L   23344.67852612  .00039578  00000+0  61576-3 0  9991
2 47319  60.6728  96.6709 0026102  40.3205 319.9825 15.53277946161472
1 47319U 21002L   23345.57969849  .00038523  00000+0  59792-3 0  9998
2 47319  60.6735  93.1304 0026345  40.8755 319.4315 15.53347550161611
1 47319U 21002L   23345.64406690  .00037766  00000+0  58616-3 0  9998
2 47319  60.6735  92.8779 0026487  40.6079 319.6991 15.53351353161626
1 47319U 21002L   23346.48083150  .00035271  00000+0  54674-3 0  9992
2 47319  60.6739  89.5912 0026564  41.0972 319.2124 15.53413295161757
1 47319U 21002L   23346.54519662  .00039401  00000+0  60952-3 0  9996
2 47319  60.6740  89.3389 0026610  41.0165 319.2931 15.53421130161765
1 47319U 21002L   23346.60956186  .00037890  00000+0  58640-3 0  9990
2 47319  60.6737  89.0837 0026663  40.8761 319.4333 15.53423730161770
1 47319U 21002L   23347.44628330  .00037849  00000+0  58427-3 0  9997
2 47319  60.6737  85.7956 0026628  41.3372 318.9738 15.53495436161900
1 47319U 21002L   23347.57500545  .00045505  00000+0  70006-3 0  9993
2 47319  60.6735  85.2892 0026658  41.4162 318.8954 15.53514078161928
1 47319U 21002L   23347.63936614  .00045898  00000+0  70589-3 0  9991
2 47319  60.6736  85.0366 0026599  41.6571 318.6549 15.53520833161938
1 47319U 21002L   23348.60474631  .00050092  00000+0  76646-3 0  9997
2 47319  60.6737  81.2416 0026766  42.2952 318.0206 15.53622376162085
1 47319U 21002L   23349.57005736  .00035473  00000+0  54337-3 0  9999
2 47319  60.6737  77.4466 0026905  42.8504 317.4688 15.53727461162236
1 47319U 21002L   23350.47095547  .00053035  00000+0  80421-3 0  9996
2 47319  60.6733  73.9039 0027077  43.1260 317.1955 15.53837503162371
1 47319U 21002L   23350.59965096  .00051031  00000+0  77388-3 0  9996
2 47319  60.6732  73.3973 0027118  43.0964 317.2254 15.53849112162391
1 47319U 21002L   23351.56482737  .00065041  00000+0  97865-3 0  9998
2 47319  60.6731  69.6007 0027423  43.5233 316.8026 15.53960813162540
1 47319U 21002L   23352.52992196  .00071148  00000+0  10635-2 0  9994
2 47319  60.6731  65.8042 0027593  43.8250 316.5035 15.54100917162692
1 47319U 21002L   23353.49492979  .00066975  00000+0  99684-3 0  9999
2 47319  60.6732  62.0077 0027649  44.3409 315.9900 15.54239507162843
1 47319U 21002L   23354.45985800  .00072574  00000+0  10735-2 0  9997
2 47319  60.6735  58.2105 0027880  45.0888 315.2469 15.54369873162990
1 47319U 21002L   23354.52418363  .00067949  00000+0  10057-2 0  9997
2 47319  60.6734  57.9571 0027906  45.0503 315.2855 15.54378044163007
1 47319U 21002L   23355.48901711  .00068415  00000+0  10070-2 0  9991
2 47319  60.6735  54.1600 0028010  45.5187 314.8198 15.54522991163153
1 47319U 21002L   23355.93924337  .00069015  00000+0  10133-2 0  9997
2 47319  60.6735  52.3877 0028104  45.6139 314.7257 15.54584526163226
1 47319U 21002L   23356.51807704  .00073770  00000+0  10784-2 0  9995
2 47319  60.6735  50.1085 0028173  45.9996 314.3421 15.54675140163315
1 47319U 21002L   23356.58238990  .00073149  00000+0  10690-2 0  9993
2 47319  60.6735  49.8553 0028189  46.0779 314.2643 15.54685987163324
1 47319U 21002L   23357.61134455  .00075378  00000+0  10948-2 0  9991
2 47319  60.6736  45.8037 0028409  46.7775 313.5692 15.54834580163484
1 47319U 21002L   23358.51159697  .00080998  00000+0  11692-2 0  9997
2 47319  60.6733  42.2581 0028484  47.1751 313.1738 15.54970557163626
1 47319U 21002L   23358.70449795  .00078701  00000+0  11353-2 0  9992
2 47319  60.6734  41.4984 0028493  47.2974 313.0521 15.54999579163650
1 47319U 21002L   23359.47606440  .00068570  00000+0  98677-3 0  9997
2 47319  60.6730  38.4584 0028606  47.7223 312.6297 15.55114677163773
1 47319U 21002L   23359.54035888  .00071674  00000+0  10303-2 0  9995
2 47319  60.6730  38.2049 0028620  47.7951 312.5574 15.55127226163783
1 47319U 21002L   23359.92611957  .00071923  00000+0  10318-2 0  9997
2 47319  60.6731  36.6854 0028769  47.9535 312.4008 15.55175408163847
1 47319U 21002L   23360.44044660  .00067590  00000+0  96790-3 0  9991
2 47319  60.6730  34.6583 0028813  48.3670 311.9892 15.55246147163921
1 47319U 21002L   23361.08332041  .00069436  00000+0  99035-3 0  9991
2 47319  60.6729  32.1252 0028940  48.6492 311.7092 15.55340293164020
1 47319U 21002L   23361.53330977  .00066485  00000+0  94662-3 0  9999
2 47319  60.6727  30.3509 0028925  48.9349 311.4245 15.55404150164097
1 47319U 21002L   23361.59759243  .00067339  00000+0  95825-3 0  9997
2 47319  60.6728  30.0974 0028927  48.9909 311.3687 15.55414057164103
1 47319U 21002L   23362.17612055  .00065283  00000+0  92669-3 0  9990
2 47319  60.6725  27.8168 0029018  49.2632 311.0983 15.55489954164191
1 47319U 21002L   23362.49751256  .00060666  00000+0  86065-3 0  9995
2 47319  60.6727  26.5494 0029019  49.7169 310.6463 15.55533344164249
1 47319U 21002L   23363.39736727  .00061852  00000+0  87352-3 0  9999
2 47319  60.6729  23.0015 0029201  50.3133 310.0538 15.55641482164389
1 47319U 21002L   23363.59018469  .00061659  00000+0  86995-3 0  9994
2 47319  60.6731  22.2412 0029194  50.5278 309.8400 15.55669317164412
1 47319U 21002L   23364.29715620  .00058612  00000+0  82491-3 0  9997
2 47319  60.6730  19.4530 0029216  50.8606 309.5087 15.55754774164525
1 47319U 21002L   23365.13261810  .00055553  00000+0  77949-3 0  9991
2 47319  60.6729  16.1577 0029294  51.2923 309.0792 15.55853873164653
1 47319U 21002L   23365.45393627  .00049272  00000+0  69165-3 0  9990
2 47319  60.6730  14.8897 0029318  51.6375 308.7355 15.55887593164700
1 47319U 21002L   24001.16080906  .00055122  00000+0  77007-3 0  9994
2 47319  60.6730  12.1015 0029423  51.9117 308.4632 15.55969901164818
1 47319U 21002L   24001.28932733  .00054020  00000+0  75452-3 0  9999
2 47319  60.6730  11.5943 0029395  52.0856 308.2897 15.55984177164836
1 47319U 21002L   24001.99615416  .00067908  00000+0  94214-3 0  9999
2 47319  60.6729   8.8058 0029437  52.4487 307.9283 15.56076993164947
1 47319U 21002L   24002.38167858  .00067534  00000+0  93522-3 0  9991
2 47319  60.6729   7.2839 0029428  52.6769 307.7008 15.56129014165006
1 47319U 21002L   24002.44593152  .00061210  00000+0  84859-3 0  9996
2 47319  60.6729   7.0303 0029436  52.7752 307.6030 15.56135862165015
1 47319U 21002L   24003.15269026  .00061868  00000+0  85467-3 0  9990
2 47319  60.6727   4.2406 0029505  53.2005 307.1798 15.56224818165128
1 47319U 21002L   24003.34543553  .00061077  00000+0  84308-3 0  9996
2 47319  60.6728   3.4799 0029530  53.3875 306.9938 15.56250231165153
1 47319U 21002L   24003.53817809  .00060168  00000+0  82994-3 0  9994
2 47319  60.6730   2.7194 0029540  53.5400 306.8419 15.56274694165189
1 47319U 21002L   24004.18063232  .00065221  00000+0  89599-3 0  9992
2 47319  60.6730   0.1842 0029595  53.9164 306.4673 15.56351256165281
1 47319U 21002L   24004.24487568  .00064784  00000+0  88979-3 0  9995
2 47319  60.6730 359.9306 0029579  53.9973 306.3865 15.56360037165291
1 47319U 21002L   24004.56608818  .00058259  00000+0  80016-3 0  9997
2 47319  60.6730 358.6626 0029558  54.2824 306.1022 15.56401688165345
1 47319U 21002L   24005.20848890  .00057050  00000+0  78154-3 0  9993
2 47319  60.6727 356.1263 0029551  54.6901 305.6958 15.56478707165443
1 47319U 21002L   24005.33696496  .00060968  00000+0  83385-3 0  9994
2 47319  60.6727 355.6189 0029538  54.8192 305.5671 15.56497842165467
1 47319U 21002L   24006.17202840  .00062375  00000+0  84943-3 0  9998
2 47319  60.6725 352.3215 0029649  55.4023 304.9870 15.56600542165593
1 47319U 21002L   24006.30049458  .00057887  00000+0  78869-3 0  9999
2 47319  60.6724 351.8140 0029637  55.5644 304.8254 15.56616240165610
1 47319U 21002L   24006.94280545  .00059642  00000+0  80976-3 0  9996
2 47319  60.6723 349.2775 0029702  55.8947 304.4968 15.56696453165719
1 47319U 21002L   24007.39240235  .00058975  00000+0  79905-3 0  9996
2 47319  60.6722 347.5016 0029643  56.3092 304.0831 15.56758216165786
1 47319U 21002L   24007.52085545  .00064633  00000+0  87399-3 0  9996
2 47319  60.6722 346.9942 0029631  56.4104 303.9821 15.56776299165800
1 47319U 21002L   24008.22732274  .00061760  00000+0  83282-3 0  9997
2 47319  60.6720 344.2031 0029619  56.8910 303.5029 15.56868454165916
1 47319U 21002L   24008.48420969  .00065414  00000+0  88016-3 0  9990
2 47319  60.6721 343.1881 0029636  57.1516 303.2434 15.56904703165952
1 47319U 21002L   24009.12640045  .00072425  00000+0  96967-3 0  9995
2 47319  60.6721 340.6506 0029711  57.6245 302.7727 15.56995682166053
1 47319U 21002L   24009.38326511  .00073344  00000+0  98020-3 0  9995
2 47319  60.6722 339.6355 0029685  57.9582 302.4398 15.57039864166098
1 47319U 21002L   24010.15381924  .00076089  00000+0  10117-2 0  9990
2 47319  60.6726 336.5903 0029736  58.3421 302.0577 15.57160307166217
1 47319U 21002L   24010.28223877  .00076028  00000+0  10101-2 0  9992
2 47319  60.6725 336.0826 0029689  58.5264 301.8735 15.57183040166233
1 47319U 21002L   24010.79589948  .00086975  00000+0  11496-2 0  9992
2 47319  60.6724 334.0531 0029618  58.8643 301.5359 15.57269949166310
1 47319U 21002L   24011.37373038  .00084329  00000+0  11106-2 0  9997
2 47319  60.6726 331.7680 0029523  59.5300 300.8713 15.57381780166408
1 47319U 21002L   24012.14410724  .00091991  00000+0  12032-2 0  9999
2 47319  60.6727 328.7221 0029498  60.1125 300.2903 15.57530647166526
1 47319U 21002L   24012.40088289  .00092217  00000+0  12037-2 0  9992
2 47319  60.6728 327.7067 0029474  60.4054 299.9980 15.57584632166568
1 47319U 21002L   24012.85022141  .00093102  00000+0  12114-2 0  9996
2 47319  60.6727 325.9296 0029462  60.5377 299.8660 15.57665405166637
1 47319U 21002L   24013.17116233  .00095228  00000+0  12357-2 0  9998
2 47319  60.6728 324.6601 0029437  60.8481 299.5563 15.57728995166683
1 47319U 21002L   24014.26226414  .00096214  00000+0  12383-2 0  9997
2 47319  60.6726 320.3434 0029326  61.8586 298.5475 15.57946067166854
1 47319U 21002L   24014.96818726  .00107599  00000+0  13746-2 0  9990
2 47319  60.6724 317.5503 0029271  62.3446 298.0623 15.58096370166963
1 47319U 21002L   24015.16069847  .00114559  00000+0  14593-2 0  9990
2 47319  60.6722 316.7886 0029194  62.6203 297.7866 15.58147343166999
1 47319U 21002L   24015.35320474  .00108612  00000+0  13824-2 0  9996
2 47319  60.6723 316.0267 0029193  62.7710 297.6363 15.58193117167025
1 47319U 21002L   24015.99485483  .00102275  00000+0  12966-2 0  9993
2 47319  60.6719 313.4866 0029110  63.0970 297.3104 15.58326731167128
1 47319U 21002L   24016.12317774  .00109026  00000+0  13792-2 0  9995
2 47319  60.6718 312.9784 0029056  63.2942 297.1131 15.58357937167142
1 47319U 21002L   24016.82891380  .00103089  00000+0  12978-2 0  9990
2 47319  60.6715 310.1836 0029086  63.7157 296.6930 15.58508922167258
1 47319U 21002L   24017.14968020  .00104797  00000+0  13155-2 0  9997
2 47319  60.6715 308.9121 0029082  64.0572 296.3523 15.58577966167306
1 47319U 21002L   24017.91946256  .00102176  00000+0  12755-2 0  9993
2 47319  60.6714 305.8638 0028970  64.6055 295.8043 15.58739114167420
1 47319U 21002L   24018.11189634  .00101660  00000+0  12676-2 0  9994
2 47319  60.6714 305.1012 0028885  64.9169 295.4928 15.58774578167457
1 47319U 21002L   24018.24018281  .00097379  00000+0  12138-2 0  9991
2 47319  60.6714 304.5929 0028882  65.0425 295.3674 15.58801748167470
1 47319U 21002L   24018.94572160  .00100765  00000+0  12489-2 0  9992
2 47319  60.6712 301.7974 0028776  65.4377 294.9721 15.58940248167588
1 47319U 21002L   24019.13812950  .00103564  00000+0  12810-2 0  9996
2 47319  60.6712 301.0347 0028721  65.7995 294.6106 15.58983685167614
1 47319U 21002L   24019.33053217  .00100929  00000+0  12469-2 0  9993
2 47319  60.6714 300.2725 0028698  66.0167 294.3937 15.59027313167645
1 47319U 21002L   24019.90771155  .00101306  00000+0  12459-2 0  9993
2 47319  60.6713 297.9849 0028697  66.2744 294.1365 15.59144587167731
1 47319U 21002L   24020.29247356  .00093811  00000+0  11518-2 0  9994
2 47319  60.6715 296.4595 0028627  66.6936 293.7176 15.59222751167796
1 47319U 21002L   24020.93370277  .00099508  00000+0  12152-2 0  9998
2 47319  60.6711 293.9171 0028460  66.9950 293.4152 15.59345104167898
1 47319U 21002L   24021.06194198  .00101916  00000+0  12428-2 0  9992
2 47319  60.6712 293.4085 0028439  67.1333 293.2770 15.59373817167911
1 47319U 21002L   24021.89544250  .00095987  00000+0  11640-2 0  9996
2 47319  60.6711 290.1034 0028313  67.7077 292.7025 15.59549153168040
1 47319U 21002L   24022.08777559  .00095060  00000+0  11513-2 0  9999
2 47319  60.6711 289.3408 0028242  68.1363 292.2740 15.59588605168076
1 47319U 21002L   24022.21599500  .00090877  00000+0  11002-2 0  9996
2 47319  60.6712 288.8319 0028275  68.1960 292.2148 15.59616276168091
1 47319U 21002L   24022.85706205  .00099378  00000+0  11958-2 0  9993
2 47319  60.6709 286.2883 0028187  68.2117 292.1983 15.59741883168192
1 47319U 21002L   24023.04937077  .00100067  00000+0  12021-2 0  9998
2 47319  60.6709 285.5257 0028095  68.6431 291.7667 15.59785425168228
1 47319U 21002L   24023.24167423  .00106473  00000+0  12754-2 0  9990
2 47319  60.6709 284.7616 0028084  68.7596 291.6504 15.59834081168254
1 47319U 21002L   24023.94674495  .00098236  00000+0  11720-2 0  9998
2 47319  60.6706 281.9636 0027999  68.9014 291.5080 15.59976237168363
1 47319U 21002L   24024.39539208  .00113486  00000+0  13457-2 0  9994
2 47319  60.6705 280.1824 0027993  68.9895 291.4200 15.60073506168433
1 47319U 21002L   24024.84401347  .00106406  00000+0  12590-2 0  9997
2 47319  60.6702 278.4015 0027961  69.2967 291.1130 15.60159660168504
1 47319U 21002L   24024.90809989  .00098371  00000+0  11649-2 0  9993
2 47319  60.6703 278.1470 0027972  69.3333 291.0766 15.60170700168510
1 47319U 21002L   24025.16444252  .00095521  00000+0  11296-2 0  9992
2 47319  60.6703 277.1294 0027989  69.4516 290.9588 15.60217814168557
1 47319U 21002L   24025.93342475  .00097563  00000+0  11476-2 0  9999
2 47319  60.6700 274.0767 0027907  69.5328 290.8769 15.60351081168675
1 47319U 21002L   24025.99750378  .00099634  00000+0  11711-2 0  9993
2 47319  60.6700 273.8222 0027894  69.5665 290.8431 15.60361844168682
1 47319U 21002L   24027.02269731  .00098493  00000+0  11496-2 0  9999
2 47319  60.6694 269.7496 0027724  70.1490 290.2599 15.60554499168844
1 47319U 21002L   24027.91963812  .00097632  00000+0  11327-2 0  9995
2 47319  60.6691 266.1858 0027574  70.6403 289.7679 15.60719741168986
1 47319U 21002L   24028.04776510  .00098821  00000+0  11453-2 0  9998
2 47319  60.6691 265.6767 0027518  70.6991 289.7086 15.60743629169007
1 47319U 21002L   24028.81649064  .00091061  00000+0  10517-2 0  9995
2 47319  60.6687 262.6218 0027466  70.8560 289.5514 15.60868970169120
1 47319U 21002L   24028.94460534  .00088573  00000+0  10226-2 0  9993
2 47319  60.6687 262.1125 0027444  70.9324 289.4749 15.60889907169141
1 47319U 21002L   24029.77730496  .00085590  00000+0  98305-3 0  9993
2 47319  60.6687 258.8022 0027466  71.1435 289.2644 15.61036969169278
1 47319U 21002L   24030.60992520  .00090625  00000+0  10342-2 0  9994
2 47319  60.6685 255.4918 0027340  71.4544 288.9527 15.61185017169408
1 47319U 21002L   24030.80205687  .00090379  00000+0  10301-2 0  9998
2 47319  60.6685 254.7274 0027263  71.6667 288.7400 15.61220955169439
1 47319U 21002L   24030.93014269  .00079166  00000+0  90354-3 0  9994
2 47319  60.6685 254.2179 0027223  71.7597 288.6467 15.61238606169453
1 47319U 21002L   24031.18630883  .00082605  00000+0  94055-3 0  9992
2 47319  60.6686 253.1989 0027188  71.9110 288.4953 15.61284812169496
1 47319U 21002L   24031.76265691  .00086267  00000+0  97801-3 0  9997
2 47319  60.6685 250.9062 0027121  72.0515 288.3543 15.61381620169589
1 47319U 21002L   24032.01880009  .00081443  00000+0  92267-3 0  9994
2 47319  60.6686 249.8871 0027054  72.3476 288.0580 15.61424506169623
1 47319U 21002L   24032.97927552  .00085754  00000+0  96476-3 0  9999
2 47319  60.6687 246.0660 0026962  72.5818 287.8232 15.61587232169771
1 47319U 21002L   24033.87562923  .00081395  00000+0  91139-3 0  9994
2 47319  60.6688 242.4989 0026855  72.6545 287.7495 15.61733160169914
1 47319U 21002L   24034.00367320  .00078309  00000+0  87664-3 0  9993
2 47319  60.6687 241.9894 0026849  72.7550 287.6490 15.61754013169938
1 47319U 21002L   24034.89992917  .00088273  00000+0  98044-3 0  9991
2 47319  60.6687 238.4232 0026896  72.5165 287.8876 15.61908054170070
1 47319U 21002L   24035.02795823  .00087327  00000+0  96915-3 0  9998
2 47319  60.6686 237.9134 0026872  72.5889 287.8151 15.61933750170090
1 47319U 21002L   24035.54005556  .00094074  00000+0  10392-2 0  9993
2 47319  60.6684 235.8751 0026794  72.4756 287.9274 15.62025688170174
1 47319U 21002L   24035.86010095  .00092503  00000+0  10200-2 0  9995
2 47319  60.6682 234.6006 0026696  72.7375 287.6648 15.62082197170229
1 47319U 21002L   24036.05212235  .00094844  00000+0  10438-2 0  9990
2 47319  60.6682 233.8360 0026686  72.8312 287.5712 15.62121758170255
1 47319U 21002L   24036.50015387  .00104500  00000+0  11446-2 0  9990
2 47319  60.6678 232.0517 0026536  72.7642 287.6364 15.62208987170326
1 47319U 21002L   24036.88415907  .00101271  00000+0  11063-2 0  9990
2 47319  60.6677 230.5220 0026445  72.9602 287.4397 15.62292993170386
1 47319U 21002L   24037.84408549  .00112473  00000+0  12167-2 0  9993
2 47319  60.6676 226.6984 0026315  72.9968 287.4019 15.62502947170530
1 47319U 21002L   24037.97206589  .00111979  00000+0  12099-2 0  9991
2 47319  60.6674 226.1883 0026365  72.9530 287.4461 15.62534075170551
1 47319U 21002L   24038.61193226  .00110915  00000+0  11922-2 0  9999
2 47319  60.6670 223.6386 0026313  72.6900 287.7081 15.62672464170655
1 47319U 21002L   24038.86786216  .00111686  00000+0  11976-2 0  9998
2 47319  60.6671 222.6184 0026267  72.7417 287.6560 15.62732412170698
1 47319U 21002L   24039.50764520  .00117329  00000+0  12499-2 0  9995
2 47319  60.6667 220.0678 0026237  72.5051 287.8919 15.62878545170791
1 47319U 21002L   24039.82751274  .00124942  00000+0  13253-2 0  9990
2 47319  60.6669 218.7922 0026190  72.5981 287.7986 15.62960771170841
1 47319U 21002L   24039.95545530  .00124441  00000+0  13183-2 0  9996
2 47319  60.6670 218.2819 0026195  72.6779 287.7189 15.62995001170865
1 47319U 21002L   24040.59513031  .00119029  00000+0  12547-2 0  9998
2 47319  60.6669 215.7311 0026120  72.4348 287.9608 15.63144390170967
1 47319U 21002L   24041.04286586  .00109915  00000+0  11555-2 0  9992
2 47319  60.6672 213.9453 0026071  72.3307 288.0642 15.63249789171034
1 47319U 21002L   24041.49057261  .00126407  00000+0  13202-2 0  9993
2 47319  60.6671 212.1595 0026095  72.1124 288.2824 15.63352856171104
1 47319U 21002L   24041.81034380  .00138045  00000+0  14347-2 0  9998
2 47319  60.6676 210.8840 0026106  72.3033 288.0920 15.63434880171159
1 47319U 21002L   24042.57772755  .00143139  00000+0  14749-2 0  9993
2 47319  60.6679 207.8219 0026092  71.8216 288.5728 15.63635297171278
1 47319U 21002L   24042.76955725  .00141581  00000+0  14563-2 0  9997
2 47319  60.6681 207.0558 0026000  71.9217 288.4718 15.63688070171309
1 47319U 21002L   24043.60074284  .00135551  00000+0  13828-2 0  9996
2 47319  60.6683 203.7376 0025881  71.8596 288.5325 15.63922283171433
1 47319U 21002L   24043.79253751  .00134375  00000+0  13683-2 0  9996
2 47319  60.6683 202.9715 0025823  71.8548 288.5367 15.63974548171464
1 47319U 21002L   24043.85646736  .00126388  00000+0  12875-2 0  9999
2 47319  60.6684 202.7162 0025829  71.8359 288.5557 15.63992646171476
1 47319U 21002L   24044.62357491  .00148796  00000+0  14984-2 0  9992
2 47319  60.6686 199.6529 0025858  71.4348 288.9564 15.64203034171597
1 47319U 21002L   24044.87925330  .00156531  00000+0  15695-2 0  9998
2 47319  60.6682 198.6311 0025866  70.9521 289.4384 15.64285215171639
1 47319U 21002L   24045.58230244  .00137449  00000+0  13708-2 0  9990
2 47319  60.6679 195.8222 0025780  70.5749 289.8140 15.64488731171742
1 47319U 21002L   24045.71012029  .00135805  00000+0  13529-2 0  9999
2 47319  60.6681 195.3119 0025799  70.5737 289.8154 15.64521881171763
1 47319U 21002L   24045.83793448  .00138731  00000+0  13792-2 0  9996
2 47319  60.6680 194.8011 0025809  70.5302 289.8590 15.64563109171782
1 47319U 21002L   24046.60475944  .00135862  00000+0  13398-2 0  9994
2 47319  60.6682 191.7371 0025887  70.5920 289.7981 15.64773365171905
1 47319U 21002L   24046.73255380  .00135105  00000+0  13308-2 0  9999
2 47319  60.6679 191.2256 0025836  70.5107 289.8787 15.64806658171928
1 47319U 21002L   24047.49925749  .00170665  00000+0  16579-2 0  9999
2 47319  60.6676 188.1601 0025802  70.1511 290.2373 15.65034652172041
1 47319U 21002L   24047.56314467  .00148240  00000+0  14440-2 0  9995
2 47319  60.6676 187.9042 0025788  70.1893 290.1991 15.65041795172055
1 47319U 21002L   24047.81868514  .00155378  00000+0  15071-2 0  9991
2 47319  60.6676 186.8819 0025788  70.2620 290.1265 15.65123961172098
1 47319U 21002L   24047.94645125  .00128565  00000+0  12503-2 0  9991
2 47319  60.6677 186.3707 0025804  70.2690 290.1196 15.65150782172113
1 47319U 21002L   24048.58523942  .00137282  00000+0  13240-2 0  9999
2 47319  60.6676 183.8148 0025861  70.0871 290.3018 15.65326128172210
1 47319U 21002L   24048.77686185  .00135585  00000+0  13051-2 0  9993
2 47319  60.6675 183.0478 0025850  70.1246 290.2644 15.65380745172244
1 47319U 21002L   24049.47941727  .00156405  00000+0  14882-2 0  9994
2 47319  60.6673 180.2365 0025853  69.8110 290.5775 15.65597559172357
1 47319U 21002L   24049.60714436  .00144288  00000+0  13734-2 0  9995
2 47319  60.6675 179.7255 0025836  69.9117 290.4767 15.65630242172378
1 47319U 21002L   24050.05416721  .00139742  00000+0  13245-2 0  9998
2 47319  60.6675 177.9360 0025847  69.7782 290.6101 15.65750889172445
1 47319U 21002L   24050.62886010  .00135970  00000+0  12814-2 0  9993
2 47319  60.6676 175.6343 0025874  69.6915 290.6969 15.65905141172534
1 47319U 21002L   24050.75656214  .00132921  00000+0  12515-2 0  9999
2 47319  60.6676 175.1227 0025844  69.6203 290.7676 15.65939920172557
1 47319U 21002L   24051.07580631  .00123372  00000+0  11597-2 0  9993
2 47319  60.6675 173.8439 0025885  69.2595 291.1282 15.66013179172605
1 47319U 21002L   24051.58656333  .00133780  00000+0  12491-2 0  9990
2 47319  60.6675 171.7979 0025843  69.2683 291.1190 15.66144419172681
1 47319U 21002L   24051.90576470  .00123346  00000+0  11496-2 0  9990
2 47319  60.6676 170.5191 0025858  69.2490 291.1385 15.66225708172730
1 47319U 21002L   24052.48028587  .00125185  00000+0  11597-2 0  9990
2 47319  60.6676 168.2171 0025879  69.0460 291.3413 15.66368134172825
1 47319U 21002L   24052.60794995  .00112634  00000+0  10442-2 0  9990
2 47319  60.6678 167.7054 0025873  69.1008 291.2865 15.66396124172846
1 47319U 21002L   24052.86327111  .00114267  00000+0  10563-2 0  9998
2 47319  60.6678 166.6821 0025874  69.1127 291.2747 15.66461051172884
1 47319U 21002L   24053.50152960  .00119900  00000+0  11004-2 0  9998
2 47319  60.6680 164.1243 0025921  69.0935 291.2944 15.66616878172986
1 47319U 21002L   24053.56535189  .00125708  00000+0  11519-2 0  9996
2 47319  60.6681 163.8683 0025922  69.0546 291.3332 15.66634437172994
1 47319U 21002L   24053.62917332  .00125087  00000+0  11455-2 0  9996
2 47319  60.6681 163.6124 0025923  69.0412 291.3466 15.66651811173001
1 47319U 21002L   24054.58641819  .00125432  00000+0  11375-2 0  9991
2 47319  60.6680 159.7740 0025917  68.8323 291.5550 15.66891355173152
1 47319U 21002L   24054.71404000  .00120790  00000+0  10947-2 0  9991
2 47319  60.6681 159.2621 0025935  68.8964 291.4912 15.66923355173176
1 47319U 21002L   24055.54352310  .00129450  00000+0  11623-2 0  9993
2 47319  60.6684 155.9352 0026060  68.8885 291.5005 15.67117205173304
1 47319U 21002L   24055.73492646  .00133605  00000+0  11962-2 0  9994
2 47319  60.6683 155.1674 0026075  68.9185 291.4707 15.67171982173335
1 47319U 21002L   24056.56427165  .00146659  00000+0  12988-2 0  9992
2 47319  60.6681 151.8394 0026204  68.4754 291.9144 15.67391259173461
1 47319U 21002L   24056.62806194  .00149120  00000+0  13190-2 0  9994
2 47319  60.6680 151.5833 0026183  68.5782 291.8115 15.67413241173477
1 47319U 21002L   24057.58483126  .00143975  00000+0  12603-2 0  9996
2 47319  60.6673 147.7417 0026158  68.8578 291.5322 15.67686068173625
1 47319U 21002L   24057.71238822  .00139088  00000+0  12165-2 0  9995
2 47319  60.6674 147.2294 0026178  68.9226 291.4677 15.67722361173648
1 47319U 21002L   24058.47767344  .00140360  00000+0  12175-2 0  9991
2 47319  60.6670 144.1560 0026160  68.9970 291.3933 15.67920854173767
1 47319U 21002L   24058.60521149  .00130221  00000+0  11297-2 0  9996
2 47319  60.6669 143.6438 0026156  69.0027 291.3876 15.67952671173783
1 47319U 21002L   24059.49790699  .00122104  00000+0  10513-2 0  9993
2 47319  60.6666 140.0573 0026259  69.2121 291.1797 15.68161775173926
1 47319U 21002L   24059.56166666  .00114594  00000+0  98730-3 0  9994
2 47319  60.6665 139.8011 0026238  69.2317 291.1599 15.68173522173936
1 47319U 21002L   24059.68918428  .00110134  00000+0  94838-3 0  9999
2 47319  60.6666 139.2886 0026246  69.2754 291.1164 15.68202418173952
1 47319U 21002L   24060.51799359  .00107429  00000+0  91882-3 0  9992
2 47319  60.6663 135.9577 0026239  69.3086 291.0832 15.68378249174082
1 47319U 21002L   24060.77299287  .00106666  00000+0  91025-3 0  9996
2 47319  60.6664 134.9327 0026261  69.3855 291.0066 15.68434882174124
1 47319U 21002L   24061.60167709  .00120688  00000+0  10195-2 0  9990
2 47319  60.6663 131.6012 0026356  69.6087 290.7849 15.68626045174256
1 47319U 21002L   24062.49398232  .00126916  00000+0  10607-2 0  9993
2 47319  60.6661 128.0120 0026381  69.6780 290.7160 15.68862261174395
1 47319U 21002L   24063.57732324  .00123246  00000+0  10192-2 0  9999
2 47319  60.6660 123.6529 0026419  69.9514 290.4435 15.69128881174563
1 47319U 21002L   24063.83219809  .00136846  00000+0  11259-2 0  9991
2 47319  60.6662 122.6274 0026444  69.9507 290.4445 15.69204462174607
1 47319U 21002L   24064.15076839  .00247899  00000+0  19972-2 0  9992
2 47319  60.6659 121.3449 0026410  69.9454 290.4494 15.69369624174658
1 47319U 21002L   24064.46932034  .00146091  00000+0  11891-2 0  9998
2 47319  60.6663 120.0619 0026447  70.3826 290.0134 15.69432673174705
1 47319U 21002L   24064.85155479  .00114951  00000+0  93596-3 0  9994
2 47319  60.6663 118.5235 0026412  70.3001 290.0953 15.69532750174760
1 47319U 21002L   24065.10636278  .00113298  00000+0  91992-3 0  9995
2 47319  60.6662 117.4975 0026427  70.1336 290.2618 15.69605359174804
1 47319U 21002L   24065.48855130  .00122974  00000+0  99214-3 0  9992
2 47319  60.6661 115.9581 0026356  70.4830 289.9122 15.69726372174862
1 47319U 21002L   24066.44391056  .00136215  00000+0  10847-2 0  9998
2 47319  60.6658 112.1096 0026275  70.6850 289.7097 15.69997059175011
1 47319U 21002L   24066.57127943  .00145579  00000+0  11558-2 0  9997
2 47319  60.6658 111.5964 0026265  70.8245 289.5704 15.70038086175030
1 47319U 21002L   24067.59012496  .00142038  00000+0  11147-2 0  9997
2 47319  60.6658 107.4901 0026272  71.2923 289.1035 15.70326297175195
1 47319U 21002L   24068.54511772  .00131003  00000+0  10179-2 0  9998
2 47319  60.6654 103.6390 0026226  71.6619 288.7340 15.70602427175349
1 47319U 21002L   24068.79975501  .00138614  00000+0  10729-2 0  9995
2 47319  60.6652 102.6120 0026198  71.5694 288.8260 15.70669562175386
1 47319U 21002L   24069.43629376  .00169172  00000+0  12932-2 0  9994
2 47319  60.6647 100.0437 0026115  71.9934 288.4018 15.70871328175486
1 47319U 21002L   24069.49994299  .00144600  00000+0  11083-2 0  9994
2 47319  60.6647  99.7867 0026109  72.0403 288.3549 15.70886395175492
1 47319U 21002L   24069.62724027  .00137220  00000+0  10513-2 0  9996
2 47319  60.6647  99.2730 0026112  72.0488 288.3465 15.70920294175510
1 47319U 21002L   24070.45459899  .00138778  00000+0  10526-2 0  9994
2 47319  60.6642  95.9336 0026018  72.5462 287.8489 15.71157041175649
1 47319U 21002L   24070.77278124  .00141486  00000+0  10689-2 0  9999
2 47319  60.6641  94.6492 0025999  72.5509 287.8440 15.71242459175696
1 47319U 21002L   24071.40908965  .00130749  00000+0  98172-3 0  9997
2 47319  60.6642  92.0799 0025912  73.2236 287.1714 15.71426796175795
1 47319U 21002L   24072.17256501  .00137013  00000+0  10186-2 0  9993
2 47319  60.6644  88.9957 0025966  73.3563 287.0394 15.71638262175910
1 47319U 21002L   24072.49064861  .00135274  00000+0  10020-2 0  9998
2 47319  60.6644  87.7106 0025962  73.8531 286.5434 15.71730288175964
1 47319U 21002L   24073.19036819  .00138607  00000+0  10177-2 0  9994
2 47319  60.6644  84.8834 0025856  74.1257 286.2700 15.71930166176074
1 47319U 21002L   24073.50839168  .00152203  00000+0  11106-2 0  9998
2 47319  60.6646  83.5977 0025807  74.3617 286.0338 15.72034470176123
1 47319U 21002L   24074.20796825  .00151415  00000+0  10943-2 0  9990
2 47319  60.6646  80.7696 0025697  74.6891 285.7057 15.72266209176237
1 47319U 21002L   24074.27156091  .00150359  00000+0  10859-2 0  9994
2 47319  60.6646  80.5124 0025671  74.7574 285.6372 15.72287042176240
1 47319U 21002L   24074.33515255  .00150020  00000+0  10825-2 0  9990
2 47319  60.6645  80.2552 0025649  74.8375 285.5569 15.72309507176255
1 47319U 21002L   24075.22534808  .00180270  00000+0  12791-2 0  9998
2 47319  60.6649  76.6554 0025552  75.6105 284.7839 15.72613478176394
1 47319U 21002L   24075.47965756  .00154900  00000+0  10988-2 0  9992
2 47319  60.6650  75.6263 0025524  75.8044 284.5900 15.72698037176431
1 47319U 21002L   24076.56032584  .00152791  00000+0  10686-2 0  9998
2 47319  60.6652  71.2540 0025364  77.4399 282.9546 15.73040705176607
1 47319U 21002L   24077.32300982  .00149877  00000+0  10380-2 0  9995
2 47319  60.6650  68.1658 0025200  77.7510 282.6420 15.73283610176722
1 47319U 21002L   24078.21265869  .00149205  00000+0  10212-2 0  9997
2 47319  60.6648  64.5625 0025058  78.4690 281.9232 15.73565110176867
1 47319U 21002L   24078.40327673  .00147243  00000+0  10053-2 0  9993
2 47319  60.6648  63.7899 0025044  78.5644 281.8278 15.73628767176896
1 47319U 21002L   24079.16566748  .00216060  00000+0  14442-2 0  9995
2 47319  60.6646  60.7000 0024904  79.5686 280.8230 15.73920127177013
1 47319U 21002L   24079.35624118  .00228671  00000+0  15203-2 0  9999
2 47319  60.6646  59.9283 0024857  79.5985 280.7926 15.74010366177045
1 47319U 21002L   24080.05492241  .00206713  00000+0  13607-2 0  9997
2 47319  60.6645  57.0953 0024619  80.3045 280.0845 15.74310397177152
1 47319U 21002L   24080.49946780  .00205745  00000+0  13433-2 0  9998
2 47319  60.6643  55.2919 0024496  81.0642 279.3241 15.74505593177229
1 47319U 21002L   24081.19793169  .00250936  00000+0  16077-2 0  9996
2 47319  60.6643  52.4572 0024335  81.7236 278.6633 15.74818408177332
1 47319U 21002L   24081.38839629  .00247047  00000+0  15771-2 0  9998
2 47319  60.6642  51.6843 0024292  81.9687 278.4180 15.74913072177368
1 47319U 21002L   24081.89624722  .00299345  00000+0  18778-2 0  9998
2 47319  60.6643  49.6225 0024118  82.6061 277.7791 15.75177740177445
1 47319U 21002L   24082.21360561  .00288824  00000+0  17995-2 0  9993
2 47319  60.6644  48.3336 0024067  83.0219 277.3629 15.75363384177490
1 47319U 21002L   24082.91167076  .00222796  00000+0  13780-2 0  9990
2 47319  60.6643  45.4969 0023882  83.7859 276.5972 15.75716091177602
1 47319U 21002L   24083.10202526  .00235200  00000+0  14459-2 0  9990
2 47319  60.6647  44.7231 0023930  84.1179 276.2660 15.75818441177630
1 47319U 21002L   24083.35580917  .00277525  00000+0  16861-2 0  9995
2 47319  60.6643  43.6915 0023709  84.4009 275.9806 15.75978903177674
1 47319U 21002L   24083.86330721  .00305094  00000+0  18238-2 0  9990
2 47319  60.6646  41.6279 0023525  84.9946 275.3850 15.76278916177759
1 47319U 21002L   24084.43411344  .00309928  00000+0  18212-2 0  9997
2 47319  60.6641  39.3062 0023135  86.2054 274.1703 15.76666483177844
1 47319U 21002L   24084.87798083  .00458015  00000+0  26067-2 0  9992
2 47319  60.6642  37.4995 0023044  86.4422 273.9326 15.77006265177912
