1 47448U 21006AM  23084.15025000  .00007436  00000+0  39157-3 0  9993
2 47448  97.4067 141.8006 0012371  34.8109 325.3931 15.15837151119735
1 47448U 21006AM  23084.87638081  .00005771  00000+0  30463-3 0  9992
2 47448  97.4063 142.5089 0012299  32.4979 327.7008 15.15845172119843
1 47448U 21006AM  23085.73453118  .00004895  00000+0  25889-3 0  9996
2 47448  97.4061 143.3463 0012201  29.5177 330.6743 15.15853010119979
1 47448U 21006AM  23086.59267716  .00004476  00000+0  23700-3 0  9993
2 47448  97.4060 144.1836 0012102  26.5624 333.6226 15.15860243120107
1 47448U 21006AM  23086.72469929  .00004531  00000+0  23985-3 0  9995
2 47448  97.4060 144.3123 0012087  26.0850 334.0990 15.15861480120125
1 47448U 21006AM  23087.12076483  .00004940  00000+0  26119-3 0  9995
2 47448  97.4059 144.6988 0012032  24.7325 335.4482 15.15865887120189
1 47448U 21006AM  23087.58283955  .00005415  00000+0  28589-3 0  9990
2 47448  97.4059 145.1496 0011991  23.1566 337.0205 15.15871395120252
1 47448U 21006AM  23087.71486072  .00005494  00000+0  28998-3 0  9991
2 47448  97.4058 145.2784 0011982  22.7244 337.4516 15.15872872120272
1 47448U 21006AM  23088.11092310  .00006077  00000+0  32036-3 0  9990
2 47448  97.4058 145.6650 0011930  21.4026 338.7703 15.15878377120330
1 47448U 21006AM  23088.63900459  .00006630  00000+0  34911-3 0  9998
2 47448  97.4058 146.1802 0011876  19.6370 340.5318 15.15885295120414
1 47448U 21006AM  23088.90304405  .00006892  00000+0  36270-3 0  9997
2 47448  97.4060 146.4379 0011851  18.7758 341.3909 15.15889199120458
1 47448U 21006AM  23089.69515918  .00007039  00000+0  37028-3 0  9993
2 47448  97.4060 147.2107 0011783  16.2386 343.9222 15.15900174120576
1 47448U 21006AM  23091.14735546  .00006393  00000+0  33647-3 0  9992
2 47448  97.4062 148.6276 0011626  11.4266 348.7229 15.15918808120797
1 47448U 21006AM  23091.60941456  .00005310  00000+0  28007-3 0  9994
2 47448  97.4061 149.0784 0011578   9.8286 350.3171 15.15922400120860
1 47448U 21006AM  23091.87344726  .00005628  00000+0  29658-3 0  9995
2 47448  97.4060 149.3360 0011549   8.8770 351.2665 15.15926371120901
1 47448U 21006AM  23092.20348786  .00005613  00000+0  29579-3 0  9999
2 47448  97.4059 149.6579 0011531   7.5944 352.5461 15.15930156120953
1 47448U 21006AM  23092.59953577  .00005004  00000+0  26406-3 0  9991
2 47448  97.4057 150.0443 0011486   6.1508 353.9864 15.15933258121013
1 47448U 21006AM  23092.86356713  .00004461  00000+0  23575-3 0  9990
2 47448  97.4057 150.3018 0011432   5.1405 354.9943 15.15934856121058
1 47448U 21006AM  23093.52364384  .00004633  00000+0  24470-3 0  9993
2 47448  97.4053 150.9457 0011376   2.7900 357.3395 15.15941403121152
1 47448U 21006AM  23093.58965132  .00004727  00000+0  24959-3 0  9993
2 47448  97.4053 151.0102 0011367   2.5554 357.5735 15.15942261121168
1 47448U 21006AM  23093.85368088  .00005257  00000+0  27712-3 0  9999
2 47448  97.4053 151.2677 0011346   1.6493 358.4776 15.15945872121207
1 47448U 21006AM  23094.44774563  .00005608  00000+0  29534-3 0  9998
2 47448  97.4050 151.8473 0011275 359.5137   0.6083 15.15952634121295
1 47448U 21006AM  23094.84378745  .00005660  00000+0  29803-3 0  9991
2 47448  97.4049 152.2337 0011230 358.0981   2.0207 15.15956995121354
1 47448U 21006AM  23095.10781469  .00005384  00000+0  28364-3 0  9996
2 47448  97.4049 152.4909 0011189 357.0522   3.0643 15.15959540121392
1 47448U 21006AM  23095.43784782  .00005505  00000+0  28992-3 0  9995
2 47448  97.4047 152.8132 0011181 356.0417   4.0726 15.15963480121443
1 47448U 21006AM  23095.83388627  .00005591  00000+0  29435-3 0  9995
2 47448  97.4046 153.1996 0011134 354.5783   5.5327 15.15968561121506
1 47448U 21006AM  23096.36193593  .00005288  00000+0  27854-3 0  9996
2 47448  97.4045 153.7147 0011075 352.7898   7.3174 15.15974225121582
1 47448U 21006AM  23096.42794209  .00005082  00000+0  26784-3 0  9997
2 47448  97.4044 153.7791 0011065 352.5502   7.5564 15.15974518121596
1 47448U 21006AM  23096.88998372  .00004905  00000+0  25857-3 0  9997
2 47448  97.4043 154.2298 0011012 350.9447   9.1585 15.15979536121669
1 47448U 21006AM  23097.41802961  .00004818  00000+0  25403-3 0  9995
2 47448  97.4040 154.7450 0010962 348.9957  11.1034 15.15985020121743
1 47448U 21006AM  23098.40811199  .00003987  00000+0  21080-3 0  9991
2 47448  97.4038 155.7109 0010883 345.4121  14.6796 15.15992344121895
1 47448U 21006AM  23098.87014860  .00003795  00000+0  20080-3 0  9998
2 47448  97.4036 156.1617 0010836 343.6744  16.4138 15.15995833121965
1 47448U 21006AM  23099.39818934  .00003794  00000+0  20072-3 0  9990
2 47448  97.4035 156.6768 0010796 341.8055  18.2790 15.16000070122041
1 47448U 21006AM  23099.86022393  .00003740  00000+0  19790-3 0  9994
2 47448  97.4033 157.1276 0010758 340.0409  20.0402 15.16003360122115
1 47448U 21006AM  23100.38826197  .00004243  00000+0  22400-3 0  9999
2 47448  97.4032 157.6428 0010700 338.0668  22.0105 15.16008531122194
1 47448U 21006AM  23100.58627561  .00004613  00000+0  24321-3 0  9990
2 47448  97.4032 157.8360 0010683 337.3387  22.7373 15.16011181122224
1 47448U 21006AM  23100.78428916  .00004540  00000+0  23943-3 0  9993
2 47448  97.4031 158.0292 0010668 336.6138  23.4608 15.16012596122252
1 47448U 21006AM  23101.57634076  .00005073  00000+0  26707-3 0  9990
2 47448  97.4031 158.8020 0010584 333.5929  26.4764 15.16020818122375
1 47448U 21006AM  23102.10437251  .00005189  00000+0  27301-3 0  9995
2 47448  97.4031 159.3171 0010566 331.5362  28.5293 15.16026375122450
1 47448U 21006AM  23103.16042992  .00004830  00000+0  25431-3 0  9990
2 47448  97.4031 160.3474 0010434 327.5465  32.5125 15.16037124122612
1 47448U 21006AM  23104.21647985  .00005020  00000+0  26408-3 0  9997
2 47448  97.4032 161.3777 0010346 323.5650  36.4878 15.16048945122772
1 47448U 21006AM  23105.20651974  .00005192  00000+0  27296-3 0  9996
2 47448  97.4031 162.3434 0010275 319.7504  40.2967 15.16059619122927
1 47448U 21006AM  23105.73453815  .00005360  00000+0  28162-3 0  9998
2 47448  97.4030 162.8585 0010247 317.5972  42.4468 15.16065516123005
1 47448U 21006AM  23106.19655250  .00005370  00000+0  28211-3 0  9992
2 47448  97.4030 163.3091 0010224 315.7601  44.2814 15.16070678123074
1 47448U 21006AM  23106.72456694  .00005907  00000+0  30990-3 0  9995
2 47448  97.4029 163.8242 0010221 313.6289  46.4095 15.16077512123159
1 47448U 21006AM  23107.58258551  .00006392  00000+0  33493-3 0  9992
2 47448  97.4027 164.6611 0010187 310.2245  49.8096 15.16088545123282
1 47448U 21006AM  23108.11059384  .00006634  00000+0  34740-3 0  9990
2 47448  97.4026 165.1763 0010153 308.1818  51.8499 15.16095665123360
1 47448U 21006AM  23108.63859989  .00006466  00000+0  33864-3 0  9995
2 47448  97.4023 165.6913 0010107 306.0148  54.0147 15.16102017123445
1 47448U 21006AM  23109.10060304  .00006948  00000+0  36356-3 0  9997
2 47448  97.4023 166.1419 0010070 304.1870  55.8408 15.16109123123514
1 47448U 21006AM  23109.69460429  .00006845  00000+0  35815-3 0  9998
2 47448  97.4021 166.7214 0010016 301.8396  58.1861 15.16117029123601
1 47448U 21006AM  23110.22260328  .00005712  00000+0  29940-3 0  9999
2 47448  97.4020 167.2364 0009961 299.7181  60.3060 15.16121675123682
1 47448U 21006AM  23110.55260153  .00005494  00000+0  28808-3 0  9990
2 47448  97.4019 167.5584 0009950 298.4138  61.6092 15.16125337123737
1 47448U 21006AM  23111.41059310  .00004894  00000+0  25696-3 0  9992
2 47448  97.4017 168.3955 0009909 294.9741  65.0462 15.16134272123862
1 47448U 21006AM  23111.87258669  .00004859  00000+0  25512-3 0  9998
2 47448  97.4014 168.8461 0009908 293.0844  66.9344 15.16139205123937
1 47448U 21006AM  23112.20258108  .00004708  00000+0  24726-3 0  9993
2 47448  97.4012 169.1679 0009930 291.7140  68.3035 15.16142500123989
1 47448U 21006AM  23112.73057119  .00004715  00000+0  24759-3 0  9994
2 47448  97.4009 169.6830 0009938 289.5186  70.4973 15.16147425124068
1 47448U 21006AM  23113.19256147  .00004444  00000+0  23357-3 0  9999
2 47448  97.4007 170.1336 0009943 287.5968  72.4178 15.16150944124133
1 47448U 21006AM  23113.72054899  .00005096  00000+0  26723-3 0  9992
2 47448  97.4006 170.6487 0009929 285.6397  74.3740 15.16156851124211
1 47448U 21006AM  23114.05053944  .00005961  00000+0  31198-3 0  9992
2 47448  97.4005 170.9706 0009930 284.3333  75.6797 15.16162278124266
1 47448U 21006AM  23114.57851961  .00012418  00000+0  64528-3 0  9992
2 47448  97.4003 171.4856 0009942 282.1424  77.8695 15.16182549124349
1 47448U 21006AM  23115.10650065  .00006846  00000+0  35759-3 0  9996
2 47448  97.4004 172.0005 0009915 279.8089  80.2024 15.16178363124425
1 47448U 21006AM  23115.37048939  .00006557  00000+0  34262-3 0  9993
2 47448  97.4004 172.2581 0009912 278.8205  81.1905 15.16181722124467
1 47448U 21006AM  23116.42643988  .00003986  00000+0  20959-3 0  9996
2 47448  97.4006 173.2883 0009884 274.4555  85.5549 15.16191034124620
1 47448U 21006AM  23116.82241965  .00003841  00000+0  20207-3 0  9995
2 47448  97.4007 173.6745 0009881 272.8374  87.1728 15.16194812124680
1 47448U 21006AM  23117.21839868  .00003944  00000+0  20742-3 0  9992
2 47448  97.4008 174.0610 0009870 271.2998  88.7105 15.16198529124742
1 47448U 21006AM  23118.07635025  .00004313  00000+0  22644-3 0  9990
2 47448  97.4009 174.8978 0009876 267.7809  92.2293 15.16206520124878
1 47448U 21006AM  23118.40633084  .00003691  00000+0  19427-3 0  9993
2 47448  97.4007 175.2199 0009882 266.5193  93.4909 15.16207741124925
1 47448U 21006AM  23119.13228588  .00003623  00000+0  19072-3 0  9994
2 47448  97.4007 175.9280 0009914 263.5981  96.4123 15.16213373125033
1 47448U 21006AM  23119.39626901  .00003560  00000+0  18747-3 0  9991
2 47448  97.4007 176.1855 0009920 262.5183  97.4923 15.16215181125076
1 47448U 21006AM  23120.38620264  .00003724  00000+0  19586-3 0  9992
2 47448  97.4007 177.1511 0009969 258.5281 101.4833 15.16222848125224
1 47448U 21006AM  23121.11215044  .00004255  00000+0  22329-3 0  9999
2 47448  97.4005 177.8592 0009977 255.5392 104.4734 15.16229793125338
1 47448U 21006AM  23122.10206768  .00005299  00000+0  27700-3 0  9999
2 47448  97.4001 178.8238 0010040 251.3716 108.6427 15.16250269125482
1 47448U 21006AM  23122.43203736  .00010194  00000+0  52932-3 0  9992
2 47448  97.4006 179.1463 0010090 250.3955 109.6189 15.16259713125535
1 47448U 21006AM  23122.82799946  .00010078  00000+0  52320-3 0  9990
2 47448  97.4005 179.5326 0010073 248.5386 111.4773 15.16267204125594
1 47448U 21006AM  23123.09197306  .00010057  00000+0  52206-3 0  9992
2 47448  97.4004 179.7902 0010085 247.1750 112.8418 15.16272465125639
1 47448U 21006AM  23123.68591373  .00004547  00000+0  23804-3 0  9998
2 47448  97.4004 180.3695 0010105 245.2351 114.7831 15.16273342125720
1 47448U 21006AM  23124.14786570  .00004535  00000+0  23738-3 0  9998
2 47448  97.3999 180.8198 0010119 243.1136 116.9064 15.16277053125790
1 47448U 21006AM  23124.74180214  .00004729  00000+0  24738-3 0  9993
2 47448  97.3997 181.3990 0010163 240.8310 119.1906 15.16283286125886
1 47448U 21006AM  23126.12764822  .00004729  00000+0  24726-3 0  9997
2 47448  97.3994 182.7512 0010249 235.6756 124.3508 15.16294416126096
1 47448U 21006AM  23126.39161758  .00004983  00000+0  26033-3 0  9990
2 47448  97.3994 183.0087 0010264 234.6214 125.4061 15.16297122126130
1 47448U 21006AM  23127.38149876  .00005462  00000+0  28496-3 0  9995
2 47448  97.3991 183.9744 0010334 230.8113 129.2203 15.16306780126287
1 47448U 21006AM  23127.90943267  .00005910  00000+0  30797-3 0  9994
2 47448  97.3991 184.4895 0010361 228.9927 131.0411 15.16312787126366
1 47448U 21006AM  23128.63533843  .00005663  00000+0  29518-3 0  9994
2 47448  97.3989 185.1976 0010434 225.9933 134.0441 15.16319901126479
1 47448U 21006AM  23129.09727604  .00005937  00000+0  30925-3 0  9993
2 47448  97.3988 185.6483 0010448 224.3341 135.7056 15.16325894126543
1 47448U 21006AM  23130.21911873  .00005697  00000+0  29679-3 0  9999
2 47448  97.3988 186.7427 0010567 220.0229 140.0226 15.16337990126710
1 47448U 21006AM  23130.87902152  .00006102  00000+0  31751-3 0  9997
2 47448  97.3988 187.3865 0010615 217.3651 142.6845 15.16346439126819
1 47448U 21006AM  23131.07699208  .00005127  00000+0  26736-3 0  9998
2 47448  97.3988 187.5796 0010619 216.5664 143.4846 15.16346715126843
1 47448U 21006AM  23131.40694216  .00005202  00000+0  27119-3 0  9999
2 47448  97.3987 187.9015 0010652 215.3578 144.6950 15.16350126126893
1 47448U 21006AM  23131.86887103  .00005147  00000+0  26834-3 0  9999
2 47448  97.3988 188.3521 0010691 213.6293 146.4262 15.16354904126961
1 47448U 21006AM  23132.39678784  .00004846  00000+0  25280-3 0  9990
2 47448  97.3987 188.8670 0010743 211.8195 148.2391 15.16359752127048
1 47448U 21006AM  23132.72673490  .00005465  00000+0  28458-3 0  9994
2 47448  97.3987 189.1888 0010774 210.7063 149.3540 15.16364418127097
1 47448U 21006AM  23133.45261633  .00004924  00000+0  25672-3 0  9991
2 47448  97.3987 189.8969 0010856 208.1455 151.9192 15.16370247127203
1 47448U 21006AM  23133.78256133  .00004961  00000+0  25863-3 0  9999
2 47448  97.3987 190.2188 0010881 206.9809 153.0859 15.16373566127254
1 47448U 21006AM  23133.84855030  .00004953  00000+0  25818-3 0  9998
2 47448  97.3987 190.2831 0010892 206.7355 153.3318 15.16374100127264
1 47448U 21006AM  23134.37646050  .00005279  00000+0  27490-3 0  9997
2 47448  97.3987 190.7980 0010916 204.9139 155.1568 15.16379990127349
1 47448U 21006AM  23134.64041503  .00004663  00000+0  24325-3 0  9999
2 47448  97.3987 191.0555 0010941 203.8952 156.1775 15.16381563127384
1 47448U 21006AM  23135.10233425  .00004570  00000+0  23841-3 0  9996
2 47448  97.3988 191.5060 0010989 202.1425 157.9335 15.16386066127452
1 47448U 21006AM  23135.43227581  .00004456  00000+0  23253-3 0  9998
2 47448  97.3988 191.8278 0011021 200.8661 159.2124 15.16388782127505
1 47448U 21006AM  23135.69622820  .00004464  00000+0  23293-3 0  9994
2 47448  97.3988 192.0853 0011044 199.8740 160.2064 15.16391717127548
1 47448U 21006AM  23136.15814434  .00004336  00000+0  22630-3 0  9992
2 47448  97.3987 192.5359 0011087 198.2197 161.8640 15.16395974127613
1 47448U 21006AM  23136.88401025  .00003562  00000+0  18652-3 0  9999
2 47448  97.3986 193.2438 0011178 195.4330 164.6563 15.16400874127720
1 47448U 21006AM  23137.67586097  .00003083  00000+0  16184-3 0  9996
2 47448  97.3985 194.0163 0011278 192.6654 167.4297 15.16406510127843
1 47448U 21006AM  23138.59968355  .00002882  00000+0  15149-3 0  9995
2 47448  97.3983 194.9175 0011398 189.6210 170.4807 15.16412668127987
1 47448U 21006AM  23138.79764515  .00002930  00000+0  15398-3 0  9999
2 47448  97.3983 195.1106 0011426 188.9885 171.1145 15.16413929128015
1 47448U 21006AM  23139.06159376  .00002962  00000+0  15560-3 0  9999
2 47448  97.3982 195.3681 0011456 188.1206 171.9844 15.16415599128059
1 47448U 21006AM  23139.39152925  .00003031  00000+0  15915-3 0  9990
2 47448  97.3981 195.6899 0011488 186.9614 173.1461 15.16417643128103
1 47448U 21006AM  23140.11738536  .00003550  00000+0  18577-3 0  9993
2 47448  97.3979 196.3980 0011544 184.4608 175.6524 15.16423249128216
1 47448U 21006AM  23140.71126449  .00005100  00000+0  26524-3 0  9997
2 47448  97.3978 196.9773 0011632 182.5467 177.5709 15.16431543128303
1 47448U 21006AM  23141.37112782  .00005225  00000+0  27164-3 0  9994
2 47448  97.3976 197.6210 0011654 180.1234 179.9998 15.16437752128400
1 47448U 21006AM  23141.89901570  .00005586  00000+0  29010-3 0  9994
2 47448  97.3974 198.1360 0011692 178.3082 181.8193 15.16444278128480
1 47448U 21006AM  23142.42689909  .00007188  00000+0  37213-3 0  9997
2 47448  97.3973 198.6507 0011827 176.6304 183.5011 15.16455729128565
1 47448U 21006AM  23142.88879450  .00007662  00000+0  39631-3 0  9992
2 47448  97.3974 199.1014 0011725 175.0296 185.1055 15.16464553128634
1 47448U 21006AM  23143.68061069  .00006503  00000+0  33679-3 0  9999
2 47448  97.3972 199.8739 0011842 172.2947 187.8471 15.16476166128752
1 47448U 21006AM  23143.87856431  .00005942  00000+0  30807-3 0  9991
2 47448  97.3972 200.0669 0011865 171.6968 188.4464 15.16477400128784
1 47448U 21006AM  23144.60439264  .00005044  00000+0  26199-3 0  9996
2 47448  97.3969 200.7752 0011977 169.3521 190.7968 15.16483007128890
1 47448U 21006AM  23145.59415507  .00004203  00000+0  21883-3 0  9990
2 47448  97.3970 201.7405 0012008 165.8750 194.2822 15.16488798129047
1 47448U 21006AM  23146.12202682  .00003943  00000+0  20552-3 0  9990
2 47448  97.3971 202.2554 0012036 164.0758 196.0856 15.16491906129120
1 47448U 21006AM  23146.38596200  .00003746  00000+0  19542-3 0  9998
2 47448  97.3969 202.5129 0012124 163.2842 196.8793 15.16493187129166
1 47448U 21006AM  23146.84784817  .00003461  00000+0  18079-3 0  9990
2 47448  97.3971 202.9633 0012188 161.8463 198.3207 15.16495437129231
1 47448U 21006AM  23147.37571696  .00003245  00000+0  16967-3 0  9992
2 47448  97.3972 203.4782 0012220 160.1463 200.0248 15.16498326129317
1 47448U 21006AM  23147.90358454  .00003177  00000+0  16619-3 0  9994
2 47448  97.3972 203.9932 0012281 158.3587 201.8168 15.16501631129394
1 47448U 21006AM  23148.10153447  .00003188  00000+0  16674-3 0  9995
2 47448  97.3972 204.1863 0012301 157.7517 202.4252 15.16503027129425
1 47448U 21006AM  23148.69538299  .00003603  00000+0  18796-3 0  9990
2 47448  97.3972 204.7655 0012354 155.8452 204.3363 15.16508441129514
1 47448U 21006AM  23148.89333225  .00003550  00000+0  18525-3 0  9995
2 47448  97.3972 204.9585 0012373 155.3155 204.8673 15.16509524129549
1 47448U 21006AM  23149.09128145  .00003462  00000+0  18074-3 0  9992
2 47448  97.3972 205.1517 0012379 154.6405 205.5438 15.16510590129578
1 47448U 21006AM  23149.88307613  .00003050  00000+0  15963-3 0  9995
2 47448  97.3972 205.9240 0012453 152.0470 208.1434 15.16514668129694
1 47448U 21006AM  23150.14700709  .00002917  00000+0  15280-3 0  9992
2 47448  97.3972 206.1814 0012469 151.2194 208.9729 15.16516086129731
1 47448U 21006AM  23150.60888563  .00002943  00000+0  15412-3 0  9994
2 47448  97.3973 206.6320 0012512 149.7289 210.4670 15.16519219129807
1 47448U 21006AM  23151.07076329  .00002880  00000+0  15090-3 0  9997
2 47448  97.3972 207.0825 0012549 148.2907 211.9085 15.16521965129876
1 47448U 21006AM  23151.13674559  .00003014  00000+0  15771-3 0  9999
2 47448  97.3972 207.1469 0012551 148.0858 212.1138 15.16522891129889
1 47448U 21006AM  23151.59862207  .00003162  00000+0  16531-3 0  9997
2 47448  97.3972 207.5974 0012596 146.5359 213.6672 15.16526382129958
1 47448U 21006AM  23152.12647960  .00003272  00000+0  17088-3 0  9994
2 47448  97.3972 208.1122 0012634 144.8352 215.3718 15.16530197130037
1 47448U 21006AM  23153.38013586  .00003870  00000+0  20144-3 0  9995
2 47448  97.3972 209.3349 0012710 140.8212 219.3943 15.16540140130221
1 47448U 21006AM  23154.10593300  .00004242  00000+0  22041-3 0  9995
2 47448  97.3970 210.0429 0012755 138.5706 221.6496 15.16546610130337
1 47448U 21006AM  23154.69976493  .00004008  00000+0  20843-3 0  9995
2 47448  97.3970 210.6221 0012802 136.7735 223.4506 15.16550832130421
1 47448U 21006AM  23154.89770855  .00004023  00000+0  20917-3 0  9990
2 47448  97.3969 210.8153 0012836 136.1964 224.0290 15.16552298130458
1 47448U 21006AM  23155.42555717  .00003601  00000+0  18757-3 0  9998
2 47448  97.3968 211.3301 0012885 134.6021 225.6265 15.16555527130535
1 47448U 21006AM  23155.88742347  .00003485  00000+0  18162-3 0  9995
2 47448  97.3966 211.7808 0012913 133.1791 227.0523 15.16558881130606
1 47448U 21006AM  23156.15134659  .00003379  00000+0  17621-3 0  9998
2 47448  97.3965 212.0383 0012926 132.3548 227.8783 15.16560810130647
1 47448U 21006AM  23156.21732734  .00003355  00000+0  17499-3 0  9990
2 47448  97.3965 212.1027 0012930 132.1394 228.0940 15.16561254130657
1 47448U 21006AM  23156.67919218  .00003164  00000+0  16520-3 0  9996
2 47448  97.3964 212.5533 0012962 130.6824 229.5537 15.16564101130728
1 47448U 21006AM  23157.33899692  .00003331  00000+0  17372-3 0  9995
2 47448  97.3962 213.1970 0012995 128.5562 231.6838 15.16569345130823
1 47448U 21006AM  23157.80085916  .00003419  00000+0  17818-3 0  9995
2 47448  97.3960 213.6476 0013010 127.1715 233.0708 15.16572773130899
1 47448U 21006AM  23158.39468068  .00003434  00000+0  17892-3 0  9992
2 47448  97.3959 214.2269 0013032 125.4059 234.8394 15.16576877130989
1 47448U 21006AM  23158.92252054  .00003831  00000+0  19917-3 0  9998
2 47448  97.3959 214.7418 0013050 123.8201 236.4276 15.16581383131066
1 47448U 21006AM  23159.38437924  .00003968  00000+0  20615-3 0  9998
2 47448  97.3959 215.1924 0013068 122.4091 237.8408 15.16585031131138
1 47448U 21006AM  23160.11015494  .00004239  00000+0  21995-3 0  9999
2 47448  97.3959 215.9004 0013079 120.3293 239.9236 15.16590996131248
1 47448U 21006AM  23160.37407285  .00004078  00000+0  21175-3 0  9991
2 47448  97.3960 216.1578 0013097 119.4715 240.7827 15.16592494131282
1 47448U 21006AM  23160.63799024  .00004090  00000+0  21233-3 0  9994
2 47448  97.3960 216.4153 0013108 118.6709 241.5844 15.16594654131324
1 47448U 21006AM  23161.36376101  .00004112  00000+0  21344-3 0  9990
2 47448  97.3961 217.1232 0013148 116.4337 243.8247 15.16600529131431
1 47448U 21006AM  23161.89159262  .00004014  00000+0  20840-3 0  9996
2 47448  97.3961 217.6382 0013171 114.7819 245.4786 15.16604590131511
1 47448U 21006AM  23162.41942254  .00003976  00000+0  20644-3 0  9994
2 47448  97.3963 218.1531 0013180 113.1054 247.1570 15.16608988131592
1 47448U 21006AM  23162.88127268  .00003843  00000+0  19960-3 0  9997
2 47448  97.3963 218.6036 0013199 111.6993 248.5646 15.16612315131668
1 47448U 21006AM  23163.40910007  .00003561  00000+0  18520-3 0  9995
2 47448  97.3965 219.1184 0013208 110.0588 250.2068 15.16615822131747
1 47448U 21006AM  23163.87094816  .00003574  00000+0  18584-3 0  9991
2 47448  97.3964 219.5688 0013220 108.6622 251.6048 15.16619064131818
1 47448U 21006AM  23164.46475150  .00003155  00000+0  16444-3 0  9999
2 47448  97.3964 220.1480 0013223 106.8884 253.3800 15.16622194131902
1 47448U 21006AM  23164.59670749  .00003267  00000+0  17014-3 0  9992
2 47448  97.3964 220.2768 0013217 106.5236 253.7450 15.16623460131927
1 47448U 21006AM  23165.19050881  .00003369  00000+0  17535-3 0  9999
2 47448  97.3964 220.8559 0013216 104.7441 255.5257 15.16627592132014
1 47448U 21006AM  23165.58637559  .00003357  00000+0  17472-3 0  9992
2 47448  97.3964 221.2421 0013222 103.5590 256.7117 15.16630129132070
1 47448U 21006AM  23165.71833094  .00003432  00000+0  17854-3 0  9997
2 47448  97.3964 221.3707 0013223 103.1453 257.1257 15.16631179132091
1 47448U 21006AM  23166.11419662  .00003567  00000+0  18544-3 0  9999
2 47448  97.3963 221.7569 0013223 101.9158 258.3559 15.16634123132155
1 47448U 21006AM  23167.10385672  .00004253  00000+0  22034-3 0  9994
2 47448  97.3962 222.7222 0013220  98.9803 261.2927 15.16643160132300
1 47448U 21006AM  23167.69764922  .00004779  00000+0  24715-3 0  9998
2 47448  97.3962 223.3014 0013230  97.2102 263.0636 15.16649975132397
1 47448U 21006AM  23168.42339338  .00004131  00000+0  21406-3 0  9995
2 47448  97.3961 224.0095 0013246  94.9372 265.3374 15.16655118132506
1 47448U 21006AM  23168.88522864  .00003942  00000+0  20440-3 0  9999
2 47448  97.3961 224.4600 0013244  93.5423 266.7326 15.16659153132574
1 47448U 21006AM  23169.41303915  .00003573  00000+0  18559-3 0  9991
2 47448  97.3960 224.9749 0013242  91.9214 268.3536 15.16663119132657
1 47448U 21006AM  23170.00682437  .00003226  00000+0  16787-3 0  9993
2 47448  97.3957 225.5542 0013243  90.0848 270.1903 15.16667232132744
1 47448U 21006AM  23170.40268013  .00003297  00000+0  17144-3 0  9993
2 47448  97.3957 225.9404 0013232  88.9138 271.3611 15.16670411132800
1 47448U 21006AM  23170.73255948  .00003420  00000+0  17774-3 0  9999
2 47448  97.3955 226.2622 0013225  87.9081 272.3666 15.16673076132858
1 47448U 21006AM  23171.12841403  .00003539  00000+0  18379-3 0  9993
2 47448  97.3954 226.6484 0013210  86.6917 273.5828 15.16676106132912
1 47448U 21006AM  23171.72219438  .00003774  00000+0  19573-3 0  9994
2 47448  97.3953 227.2277 0013204  84.8933 275.3807 15.16680854133002
1 47448U 21006AM  23172.11804681  .00004015  00000+0  20796-3 0  9996
2 47448  97.3952 227.6138 0013186  83.6779 276.5955 15.16684340133062
1 47448U 21006AM  23172.71182397  .00004200  00000+0  21735-3 0  9995
2 47448  97.3951 228.1930 0013174  81.9017 278.3710 15.16689289133156
1 47448U 21006AM  23174.09729453  .00005037  00000+0  25990-3 0  9994
2 47448  97.3950 229.5446 0013108  77.7434 282.5267 15.16703684133368
1 47448U 21006AM  23175.15288246  .00004649  00000+0  24010-3 0  9992
2 47448  97.3951 230.5743 0013054  74.6008 285.6667 15.16713464133527
1 47448U 21006AM  23176.40638381  .00004639  00000+0  23947-3 0  9997
2 47448  97.3952 231.7971 0013017  70.7056 289.5583 15.16725809133710
1 47448U 21006AM  23177.59390384  .00004007  00000+0  20731-3 0  9993
2 47448  97.3953 232.9554 0012955  67.0338 293.2261 15.16734576133898
1 47448U 21006AM  23179.11127884  .00003950  00000+0  20435-3 0  9993
2 47448  97.3955 234.4356 0012839  62.3433 297.9102 15.16746852134124
1 47448U 21006AM  23180.69461299  .00003846  00000+0  19899-3 0  9995
2 47448  97.3956 235.9801 0012728  57.5578 302.6885 15.16759907134362
1 47448U 21006AM  23182.08001968  .00003063  00000+0  15912-3 0  9996
2 47448  97.3956 237.3317 0012648  53.1519 307.0872 15.16769343134571
1 47448U 21006AM  23183.39944813  .00002606  00000+0  13588-3 0  9995
2 47448  97.3953 238.6190 0012522  48.8768 311.3544 15.16775961134778
1 47448U 21006AM  23184.71887034  .00002785  00000+0  14493-3 0  9997
2 47448  97.3950 239.9061 0012451  44.7377 315.4858 15.16783938134976
1 47448U 21006AM  23185.90634404  .00003291  00000+0  17062-3 0  9998
2 47448  97.3948 241.0647 0012326  40.9668 319.2489 15.16792164135153
1 47448U 21006AM  23187.62157301  .00003512  00000+0  18181-3 0  9994
2 47448  97.3946 242.7380 0012105  35.4117 324.7918 15.16803783135413
1 47448U 21006AM  23188.67709120  .00003841  00000+0  19846-3 0  9996
2 47448  97.3945 243.7679 0012065  31.9015 328.2946 15.16812436135579
1 47448U 21006AM  23189.73260469  .00003406  00000+0  17637-3 0  9995
2 47448  97.3944 244.7977 0011966  28.5602 331.6284 15.16818454135730
1 47448U 21006AM  23191.11795969  .00003176  00000+0  16464-3 0  9999
2 47448  97.3946 246.1490 0011846  23.9329 336.2453 15.16826462135940
1 47448U 21006AM  23192.56927535  .00003314  00000+0  17161-3 0  9994
2 47448  97.3948 247.5648 0011674  19.0794 341.0874 15.16835753136162
1 47448U 21006AM  23193.62477126  .00003739  00000+0  19312-3 0  9999
2 47448  97.3948 248.5945 0011563  15.4152 344.7431 15.16844087136325
1 47448U 21006AM  23194.87816550  .00003643  00000+0  18825-3 0  9997
2 47448  97.3948 249.8172 0011426  11.0828 349.0655 15.16852949136514
1 47448U 21006AM  23196.06558281  .00004197  00000+0  21628-3 0  9994
2 47448  97.3950 250.9756 0011315   7.0975 353.0417 15.16864298136693
1 47448U 21006AM  23197.12105930  .00003937  00000+0  20304-3 0  9992
2 47448  97.3947 252.0052 0011209   3.3321 356.7985 15.16871967136856
1 47448U 21006AM  23198.70426386  .00004379  00000+0  22538-3 0  9990
2 47448  97.3945 253.5501 0010993 357.7322   2.3859 15.16884803137099
1 47448U 21006AM  23200.08955518  .00004262  00000+0  21938-3 0  9993
2 47448  97.3941 254.9016 0010845 352.7288   7.3786 15.16896958137305
1 47448U 21006AM  23201.73869777  .00003706  00000+0  19117-3 0  9995
2 47448  97.3937 256.5106 0010696 346.7620  13.3331 15.16910071137558
1 47448U 21006AM  23205.10290822  .00004053  00000+0  20862-3 0  9994
2 47448  97.3934 259.7924 0010393 333.9407  26.1302 15.16935742138062
1 47448U 21006AM  23206.22429789  .00004061  00000+0  20895-3 0  9999
2 47448  97.3934 260.8863 0010300 329.8498  30.2141 15.16945563138237
1 47448U 21006AM  23207.21375354  .00004184  00000+0  21513-3 0  9991
2 47448  97.3936 261.8516 0010229 326.0106  34.0471 15.16954516138382
1 47448U 21006AM  23207.74146058  .00004445  00000+0  22831-3 0  9990
2 47448  97.3937 262.3664 0010185 324.0507  36.0041 15.16959946138463
1 47448U 21006AM  23207.87338719  .00004358  00000+0  22389-3 0  9992
2 47448  97.3936 262.4951 0010170 323.5437  36.5103 15.16960795138482
1 47448U 21006AM  23208.40109252  .00004057  00000+0  20865-3 0  9993
2 47448  97.3935 263.0099 0010116 321.4455  38.6055 15.16964755138566
1 47448U 21006AM  23208.73090770  .00003834  00000+0  19734-3 0  9998
2 47448  97.3935 263.3317 0010088 320.1808  39.8684 15.16967039138613
1 47448U 21006AM  23209.12668503  .00003871  00000+0  19919-3 0  9993
2 47448  97.3938 263.7179 0010068 318.6209  41.4261 15.16970484138675
1 47448U 21006AM  23209.19264797  .00003522  00000+0  18157-3 0  9993
2 47448  97.3939 263.7824 0010079 318.3590  41.6875 15.16970167138687
1 47448U 21006AM  23210.37997504  .00004150  00000+0  21326-3 0  9994
2 47448  97.3939 264.9407 0009994 313.6122  46.4281 15.16980967138863
1 47448U 21006AM  23211.76518058  .00004403  00000+0  22600-3 0  9998
2 47448  97.3938 266.2920 0009892 308.0984  51.9357 15.16992612139077
1 47448U 21006AM  23213.08441290  .00004476  00000+0  22960-3 0  9997
2 47448  97.3936 267.5791 0009843 302.9011  57.1275 15.17004994139272
1 47448U 21006AM  23214.13979124  .00004378  00000+0  22457-3 0  9998
2 47448  97.3932 268.6089 0009794 298.7465  61.2784 15.17014581139432
1 47448U 21006AM  23216.11860895  .00004752  00000+0  24333-3 0  9993
2 47448  97.3925 270.5398 0009724 290.8076  69.2116 15.17032613139739
1 47448U 21006AM  23217.70164493  .00006396  00000+0  32613-3 0  9996
2 47448  97.3921 272.0841 0009701 284.0081  76.0074 15.17051165139979
1 47448U 21006AM  23219.08678086  .00005507  00000+0  28116-3 0  9993
2 47448  97.3922 273.4353 0009677 278.3482  81.6654 15.17070015140182
1 47448U 21006AM  23220.40594690  .00005548  00000+0  28314-3 0  9994
2 47448  97.3922 274.7223 0009643 272.9946  87.0184 15.17083924140383
1 47448U 21006AM  23222.12085040  .00004051  00000+0  20759-3 0  9992
2 47448  97.3925 276.3952 0009712 265.9239  94.0884 15.17094694140647
1 47448U 21006AM  23223.70382430  .00004181  00000+0  21408-3 0  9996
2 47448  97.3927 277.9395 0009787 259.3376 100.6756 15.17107640140882
1 47448U 21006AM  23225.08891529  .00004019  00000+0  20584-3 0  9997
2 47448  97.3927 279.2907 0009818 253.7220 106.2933 15.17119072141092
1 47448U 21006AM  23226.21017239  .00003386  00000+0  17390-3 0  9998
2 47448  97.3925 280.3846 0009870 249.2172 110.8004 15.17126715141260
1 47448U 21006AM  23227.39738041  .00003376  00000+0  17337-3 0  9999
2 47448  97.3920 281.5430 0009905 244.5117 115.5093 15.17134644141443
1 47448U 21006AM  23228.71649320  .00003934  00000+0  20142-3 0  9995
2 47448  97.3917 282.8300 0010001 239.3889 120.6359 15.17144477141645
1 47448U 21006AM  23230.10155080  .00004707  00000+0  24018-3 0  9991
2 47448  97.3912 284.1813 0010110 234.0284 126.0013 15.17157472141855
1 47448U 21006AM  23231.15682435  .00004534  00000+0  23144-3 0  9993
2 47448  97.3909 285.2109 0010163 229.8268 130.2076 15.17167451142016
1 47448U 21006AM  23232.60781477  .00003952  00000+0  20210-3 0  9994
2 47448  97.3906 286.6264 0010251 224.2066 135.8350 15.17179962142233
1 47448U 21006AM  23233.66307407  .00003651  00000+0  18693-3 0  9996
2 47448  97.3905 287.6558 0010335 220.1561 139.8910 15.17187713142393
1 47448U 21006AM  23235.11404700  .00004051  00000+0  20693-3 0  9990
2 47448  97.3903 289.0711 0010489 214.7829 145.2720 15.17199128142612
1 47448U 21006AM  23236.56500915  .00004224  00000+0  21553-3 0  9993
2 47448  97.3905 290.4862 0010655 209.4506 150.6128 15.17210699142838
1 47448U 21006AM  23237.09262855  .00004398  00000+0  22427-3 0  9993
2 47448  97.3906 291.0011 0010718 207.4710 152.5958 15.17215707142913
1 47448U 21006AM  23237.62024665  .00003915  00000+0  19996-3 0  9998
2 47448  97.3907 291.5157 0010780 205.5048 154.5655 15.17219185142990
1 47448U 21006AM  23238.14786339  .00003840  00000+0  19620-3 0  9990
2 47448  97.3907 292.0303 0010801 203.4495 156.6247 15.17223459143075
1 47448U 21006AM  23238.74143045  .00003654  00000+0  18682-3 0  9997
2 47448  97.3908 292.6093 0010899 201.3484 158.7296 15.17227774143161
1 47448U 21006AM  23239.13714121  .00003486  00000+0  17839-3 0  9996
2 47448  97.3908 292.9953 0010938 199.9207 160.1601 15.17230270143227
1 47448U 21006AM  23239.73070559  .00003680  00000+0  18809-3 0  9996
2 47448  97.3907 293.5743 0010980 197.7848 162.3002 15.17235104143314
1 47448U 21006AM  23240.39022052  .00003482  00000+0  17813-3 0  9999
2 47448  97.3907 294.2178 0010991 195.4615 164.6285 15.17238818143417
1 47448U 21006AM  23240.71997685  .00003670  00000+0  18755-3 0  9993
2 47448  97.3906 294.5395 0011026 194.2705 165.8219 15.17241659143469
1 47448U 21006AM  23241.70924313  .00003777  00000+0  19289-3 0  9992
2 47448  97.3904 295.5045 0011082 190.6609 169.4391 15.17248935143617
1 47448U 21006AM  23242.36875069  .00004227  00000+0  21541-3 0  9993
2 47448  97.3902 296.1482 0011147 188.4982 171.6064 15.17254872143718
1 47448U 21006AM  23243.09420621  .00004223  00000+0  21514-3 0  9990
2 47448  97.3900 296.8559 0011230 186.0416 174.0684 15.17261172143825
1 47448U 21006AM  23244.41320899  .00004049  00000+0  20637-3 0  9994
2 47448  97.3895 298.1427 0011360 181.4374 178.6829 15.17272067144022
1 47448U 21006AM  23244.87485790  .00003980  00000+0  20288-3 0  9991
2 47448  97.3892 298.5930 0011413 179.8830 180.2408 15.17275572144092
1 47448U 21006AM  23245.40245587  .00003899  00000+0  19881-3 0  9995
2 47448  97.3891 299.1076 0011475 178.0348 182.0932 15.17279213144179
1 47448U 21006AM  23245.60030441  .00003847  00000+0  19620-3 0  9992
2 47448  97.3890 299.3006 0011501 177.2965 182.8333 15.17280840144204
1 47448U 21006AM  23245.86410118  .00005731  00000+0  29052-3 0  9997
2 47448  97.3888 299.5579 0011528 176.4159 183.7159 15.17287880144244
1 47448U 21006AM  23246.39169687  .00004667  00000+0  23718-3 0  9998
2 47448  97.3886 300.0725 0011586 174.5440 185.5922 15.17288928144320
1 47448U 21006AM  23247.11713719  .00004335  00000+0  22052-3 0  9992
2 47448  97.3884 300.7800 0011657 171.9692 188.1730 15.17294000144434
1 47448U 21006AM  23248.10637002  .00003903  00000+0  19887-3 0  9994
2 47448  97.3885 301.7449 0011756 168.8524 191.2973 15.17300513144581
1 47448U 21006AM  23249.09559736  .00004073  00000+0  20729-3 0  9996
2 47448  97.3885 302.7095 0011879 165.7226 194.4345 15.17308654144739
1 47448U 21006AM  23249.88697552  .00004483  00000+0  22777-3 0  9992
2 47448  97.3885 303.4813 0011955 163.1589 197.0044 15.17315905144859
1 47448U 21006AM  23250.61240247  .00003885  00000+0  19781-3 0  9996
2 47448  97.3887 304.1888 0012016 160.7921 199.3768 15.17320772144961
1 47448U 21006AM  23251.13998411  .00004154  00000+0  21124-3 0  9991
2 47448  97.3887 304.7034 0012044 158.9743 201.1988 15.17325642145049
1 47448U 21006AM  23251.60161756  .00003520  00000+0  17952-3 0  9997
2 47448  97.3888 305.1536 0012086 157.4392 202.7376 15.17327353145119
1 47448U 21006AM  23252.12919679  .00003906  00000+0  19878-3 0  9997
2 47448  97.3888 305.6682 0012134 155.6814 204.4995 15.17332092145199
1 47448U 21006AM  23252.39298599  .00003685  00000+0  18772-3 0  9993
2 47448  97.3888 305.9255 0012157 154.8343 205.3486 15.17333428145235
1 47448U 21006AM  23253.38219224  .00004149  00000+0  21088-3 0  9991
2 47448  97.3888 306.8903 0012245 151.6782 208.5120 15.17341621145385
1 47448U 21006AM  23254.10760682  .00004588  00000+0  23281-3 0  9995
2 47448  97.3886 307.5978 0012315 149.4416 210.7538 15.17348160145495
1 47448U 21006AM  23254.70112549  .00004850  00000+0  24586-3 0  9995
2 47448  97.3885 308.1768 0012370 147.5509 212.6488 15.17353694145584
1 47448U 21006AM  23255.09680305  .00005088  00000+0  25770-3 0  9998
2 47448  97.3885 308.5627 0012391 146.4057 213.7965 15.17357885145646
1 47448U 21006AM  23255.62437173  .00005029  00000+0  25475-3 0  9997
2 47448  97.3884 309.0773 0012440 144.7382 215.4677 15.17362833145727
1 47448U 21006AM  23256.08599162  .00006043  00000+0  30529-3 0  9998
2 47448  97.3883 309.5276 0012460 143.2037 217.0054 15.17370580145794
1 47448U 21006AM  23256.34977392  .00006270  00000+0  31660-3 0  9991
2 47448  97.3883 309.7849 0012486 142.3726 217.8384 15.17374092145836
1 47448U 21006AM  23256.87733741  .00005466  00000+0  27645-3 0  9991
2 47448  97.3880 310.2995 0012522 140.5915 219.6232 15.17378107145915
1 47448U 21006AM  23257.14111834  .00005193  00000+0  26279-3 0  9994
2 47448  97.3881 310.5569 0012547 139.6696 220.5470 15.17380907145958
1 47448U 21006AM  23257.40489886  .00005008  00000+0  25352-3 0  9994
2 47448  97.3879 310.8142 0012565 138.8339 221.3845 15.17383171145995
1 47448U 21006AM  23257.73462401  .00004162  00000+0  21128-3 0  9991
2 47448  97.3878 311.1359 0012583 137.8440 222.3763 15.17385034146047
1 47448U 21006AM  23258.39407232  .00004537  00000+0  22996-3 0  9995
2 47448  97.3875 311.7791 0012605 135.7957 224.4286 15.17391688146141
1 47448U 21006AM  23258.46001725  .00003905  00000+0  19840-3 0  9992
2 47448  97.3876 311.8433 0012607 135.6294 224.5952 15.17390686146150
1 47448U 21006AM  23259.11946294  .00004177  00000+0  21194-3 0  9991
2 47448  97.3873 312.4865 0012628 133.6091 226.6192 15.17397052146253
1 47448U 21006AM  23259.71296277  .00004291  00000+0  21758-3 0  9999
2 47448  97.3871 313.0654 0012657 131.8552 228.3764 15.17401638146348
1 47448U 21006AM  23260.37240358  .00005857  00000+0  29568-3 0  9998
2 47448  97.3868 313.7084 0012693 129.7116 230.5239 15.17410945146444
1 47448U 21006AM  23261.09778538  .00006075  00000+0  30648-3 0  9998
2 47448  97.3866 314.4159 0012736 127.3615 232.8781 15.17418271146558
1 47448U 21006AM  23261.69127707  .00005435  00000+0  27452-3 0  9998
2 47448  97.3864 314.9946 0012774 125.5124 234.7303 15.17422646146644
1 47448U 21006AM  23262.68042160  .00005888  00000+0  29696-3 0  9991
2 47448  97.3862 315.9593 0012850 122.4152 237.8326 15.17436235146797
1 47448U 21006AM  23263.60361617  .00005260  00000+0  26557-3 0  9992
2 47448  97.3860 316.8594 0012891 119.6158 240.6362 15.17446889146939
1 47448U 21006AM  23263.66955840  .00005161  00000+0  26064-3 0  9998
2 47448  97.3860 316.9237 0012879 119.3785 240.8736 15.17447540146946
1 47448U 21006AM  23264.06521118  .00004640  00000+0  23467-3 0  9995
2 47448  97.3860 317.3095 0012895 118.1316 242.1223 15.17451208147008
1 47448U 21006AM  23264.46086307  .00004453  00000+0  22532-3 0  9999
2 47448  97.3860 317.6953 0012895 117.0516 243.2036 15.17454728147064
1 47448U 21006AM  23264.92245577  .00004709  00000+0  23803-3 0  9992
2 47448  97.3860 318.1453 0012922 115.6146 244.6424 15.17459696147132
1 47448U 21006AM  23265.12028078  .00004780  00000+0  24158-3 0  9993
2 47448  97.3860 318.3382 0012918 115.0225 245.2352 15.17461796147166
1 47448U 21006AM  23266.37316714  .00005472  00000+0  27593-3 0  9993
2 47448  97.3861 319.5599 0012946 111.2884 248.9734 15.17474259147353
1 47448U 21006AM  23267.09851712  .00005592  00000+0  28185-3 0  9996
2 47448  97.3864 320.2673 0012947 108.9253 251.3385 15.17482432147466
1 47448U 21006AM  23267.69198211  .00005675  00000+0  28590-3 0  9992
2 47448  97.3864 320.8460 0012932 107.2053 253.0598 15.17489233147551
1 47448U 21006AM  23268.41732320  .00007808  00000+0  39187-3 0  9992
2 47448  97.3865 321.5534 0012958 104.9309 255.3360 15.17502902147661
1 47448U 21006AM  23269.07672129  .00006359  00000+0  31978-3 0  9995
2 47448  97.3866 322.1965 0012996 102.8706 257.3980 15.17508524147764
1 47448U 21006AM  23269.67017542  .00006390  00000+0  32124-3 0  9992
2 47448  97.3864 322.7752 0013019 101.1151 259.1548 15.17516819147851
1 47448U 21006AM  23270.39550423  .00005810  00000+0  29234-3 0  9997
2 47448  97.3861 323.4827 0013016  98.9016 261.3692 15.17525338147962
1 47448U 21006AM  23271.38458276  .00005120  00000+0  25797-3 0  9994
2 47448  97.3858 324.4473 0013008  95.8787 264.3930 15.17535897148115
1 47448U 21006AM  23271.71427406  .00005295  00000+0  26664-3 0  9999
2 47448  97.3856 324.7688 0012978  94.9390 265.3326 15.17539922148167
1 47448U 21006AM  23271.84615038  .00005259  00000+0  26484-3 0  9993
2 47448  97.3855 324.8975 0012986  94.5354 265.7364 15.17541217148189
1 47448U 21006AM  23272.37365452  .00005227  00000+0  26318-3 0  9995
2 47448  97.3851 325.4121 0012982  92.9577 267.3143 15.17546574148263
1 47448U 21006AM  23273.09896869  .00005913  00000+0  29718-3 0  9995
2 47448  97.3849 326.1194 0012976  90.6945 269.5776 15.17556351148377
1 47448U 21006AM  23274.41771061  .00006460  00000+0  32420-3 0  9990
2 47448  97.3843 327.4054 0012991  86.7345 273.5374 15.17573726148573
1 47448U 21006AM  23274.87926692  .00005903  00000+0  29649-3 0  9992
2 47448  97.3841 327.8553 0012993  85.4028 274.8689 15.17578576148644
1 47448U 21006AM  23275.60456388  .00007001  00000+0  35085-3 0  9996
2 47448  97.3838 328.5626 0012947  83.3157 276.9550 15.17591601148754
1 47448U 21006AM  23276.39578922  .00007161  00000+0  35865-3 0  9995
2 47448  97.3836 329.3340 0012957  80.8990 279.3710 15.17606318148872
1 47448U 21006AM  23277.12107457  .00007216  00000+0  36126-3 0  9990
2 47448  97.3836 330.0411 0012872  78.6231 281.6448 15.17617350148983
1 47448U 21006AM  23277.38481383  .00007540  00000+0  37730-3 0  9993
2 47448  97.3834 330.2981 0012886  77.8942 282.3735 15.17621041149025
1 47448U 21006AM  23277.91228999  .00008338  00000+0  41676-3 0  9994
2 47448  97.3834 330.8124 0012846  76.1480 284.1182 15.17629173149104
1 47448U 21006AM  23278.11009282  .00008306  00000+0  41512-3 0  9993
2 47448  97.3833 331.0053 0012854  75.4159 284.8500 15.17632178149134
1 47448U 21006AM  23278.63756455  .00009032  00000+0  45093-3 0  9996
2 47448  97.3834 331.5197 0012833  73.6889 286.5756 15.17641849149212
1 47448U 21006AM  23279.09910013  .00008022  00000+0  40086-3 0  9994
2 47448  97.3835 331.9696 0012787  72.3364 287.9265 15.17647584149282
1 47448U 21006AM  23279.89029898  .00007830  00000+0  39126-3 0  9993
2 47448  97.3837 332.7411 0012823  69.9051 290.3562 15.17659605149403
1 47448U 21006AM  23280.08809758  .00007789  00000+0  38919-3 0  9999
2 47448  97.3837 332.9340 0012806  69.3226 290.9380 15.17662853149431
1 47448U 21006AM  23280.68149174  .00006783  00000+0  33929-3 0  9993
2 47448  97.3835 333.5124 0012793  67.6067 292.6521 15.17669894149523
1 47448U 21006AM  23281.14301822  .00006793  00000+0  33977-3 0  9999
2 47448  97.3838 333.9626 0012783  66.2190 294.0383 15.17676307149594
1 47448U 21006AM  23281.40674663  .00006669  00000+0  33357-3 0  9998
2 47448  97.3838 334.2198 0012781  65.4382 294.8182 15.17679844149633
1 47448U 21006AM  23281.67047461  .00006475  00000+0  32397-3 0  9995
2 47448  97.3838 334.4770 0012749  64.6065 295.6487 15.17683212149679
1 47448U 21006AM  23282.39572336  .00006542  00000+0  32719-3 0  9992
2 47448  97.3837 335.1842 0012688  62.3223 297.9297 15.17692732149782
1 47448U 21006AM  23282.72538045  .00006220  00000+0  31122-3 0  9998
2 47448  97.3837 335.5057 0012663  61.3104 298.9401 15.17696646149836
1 47448U 21006AM  23283.38469092  .00007265  00000+0  36281-3 0  9997
2 47448  97.3836 336.1487 0012591  59.1601 301.0870 15.17707423149939
1 47448U 21006AM  23283.71434462  .00007412  00000+0  37000-3 0  9991
2 47448  97.3836 336.4702 0012555  58.0846 302.1607 15.17712541149983
1 47448U 21006AM  23284.37364913  .00007179  00000+0  35843-3 0  9990
2 47448  97.3837 337.1132 0012492  56.0499 304.1920 15.17721426150086
1 47448U 21006AM  23285.09887891  .00007863  00000+0  39210-3 0  9997
2 47448  97.3836 337.8206 0012467  53.7643 306.4741 15.17733451150190
1 47448U 21006AM  23285.42852717  .00007336  00000+0  36601-3 0  9999
2 47448  97.3836 338.1422 0012464  52.7442 307.4926 15.17737479150243
1 47448U 21006AM  23285.69224510  .00007260  00000+0  36222-3 0  9997
2 47448  97.3835 338.3993 0012442  51.9471 308.2884 15.17741335150288
1 47448U 21006AM  23286.15374955  .00006714  00000+0  33521-3 0  9990
2 47448  97.3832 338.8493 0012433  50.5022 309.7309 15.17747560150354
1 47448U 21006AM  23286.41746565  .00006686  00000+0  33378-3 0  9997
2 47448  97.3833 339.1065 0012418  49.6480 310.5836 15.17751077150391
1 47448U 21006AM  23286.87896638  .00008499  00000+0  42320-3 0  9995
2 47448  97.3830 339.5566 0012391  48.2022 312.0268 15.17761084150468
1 47448U 21006AM  23287.40639353  .00007491  00000+0  37336-3 0  9996
2 47448  97.3827 340.0711 0012358  46.6220 313.6042 15.17767830150549
1 47448U 21006AM  23287.86789032  .00006573  00000+0  32803-3 0  9990
2 47448  97.3824 340.5212 0012298  45.0899 315.1331 15.17773010150618
1 47448U 21006AM  23288.46124106  .00005891  00000+0  29428-3 0  9993
2 47448  97.3822 341.0998 0012244  43.1790 317.0402 15.17779742150701
1 47448U 21006AM  23288.59309654  .00005278  00000+0  26402-3 0  9998
2 47448  97.3821 341.2284 0012230  42.7567 317.4616 15.17780446150728
1 47448U 21006AM  23289.38422694  .00005557  00000+0  27773-3 0  9998
2 47448  97.3818 341.9997 0012160  40.1236 320.0894 15.17788682150840
1 47448U 21006AM  23289.71386353  .00005462  00000+0  27302-3 0  9999
2 47448  97.3816 342.3211 0012124  39.0184 321.1923 15.17791696150890
1 47448U 21006AM  23291.09832879  .00005803  00000+0  28977-3 0  9990
2 47448  97.3812 343.6708 0012005  34.6291 325.5723 15.17806088151102
1 47448U 21006AM  23291.88944534  .00006460  00000+0  32209-3 0  9992
2 47448  97.3810 344.4421 0011945  32.1373 328.0587 15.17815969151224
1 47448U 21006AM  23292.08722367  .00006508  00000+0  32443-3 0  9996
2 47448  97.3810 344.6349 0011930  31.5019 328.6927 15.17818507151257
1 47448U 21006AM  23293.07610998  .00006793  00000+0  33833-3 0  9992
2 47448  97.3809 345.5989 0011840  28.3955 331.7922 15.17831496151407
1 47448U 21006AM  23293.14203564  .00005775  00000+0  28820-3 0  9996
2 47448  97.3809 345.6632 0011861  28.1545 332.0328 15.17830346151417
1 47448U 21006AM  23293.60351312  .00005713  00000+0  28506-3 0  9995
2 47448  97.3808 346.1131 0011817  26.6398 333.5441 15.17835887151480
1 47448U 21006AM  23294.13091381  .00005728  00000+0  28578-3 0  9996
2 47448  97.3809 346.6273 0011785  24.7849 335.3949 15.17842487151563
1 47448U 21006AM  23294.46053785  .00006218  00000+0  30986-3 0  9999
2 47448  97.3809 346.9486 0011751  23.6494 336.5278 15.17847401151614
1 47448U 21006AM  23294.92201118  .00004772  00000+0  23859-3 0  9999
2 47448  97.3810 347.3985 0011681  22.1159 338.0577 15.17849535151685
1 47448U 21006AM  23295.11978497  .00004789  00000+0  23944-3 0  9995
2 47448  97.3811 347.5913 0011668  21.4205 338.7515 15.17851740151712
1 47448U 21006AM  23295.71310430  .00004519  00000+0  22611-3 0  9999
2 47448  97.3812 348.1699 0011617  19.3454 340.8219 15.17857527151801
1 47448U 21006AM  23295.84495258  .00005510  00000+0  27491-3 0  9998
2 47448  97.3812 348.2985 0011607  18.8420 341.3241 15.17860834151824
1 47448U 21006AM  23296.89973628  .00004985  00000+0  24899-3 0  9990
2 47448  97.3816 349.3272 0011561  15.1973 344.9607 15.17870484151985
1 47448U 21006AM  23297.09750738  .00004966  00000+0  24801-3 0  9990
2 47448  97.3814 349.5198 0011493  14.5519 345.6044 15.17872463152012
1 47448U 21006AM  23298.61374560  .00003776  00000+0  18937-3 0  9995
2 47448  97.3812 350.9983 0011297   9.4945 350.6500 15.17883807152248
1 47448U 21006AM  23299.14112975  .00003971  00000+0  19892-3 0  9992
2 47448  97.3809 351.5126 0011235   7.7233 352.4172 15.17888847152326
1 47448U 21006AM  23300.12997029  .00004593  00000+0  22948-3 0  9991
2 47448  97.3806 352.4769 0011136   4.3294 355.8034 15.17899131152474
1 47448U 21006AM  23300.45958225  .00005313  00000+0  26490-3 0  9999
2 47448  97.3806 352.7982 0011095   3.1818 356.9485 15.17903914152520
1 47448U 21006AM  23300.92103821  .00005158  00000+0  25728-3 0  9995
2 47448  97.3804 353.2482 0011044   1.5644 358.5623 15.17907762152596
1 47448U 21006AM  23301.71210209  .00005473  00000+0  27270-3 0  9996
2 47448  97.3800 354.0193 0010940 358.9411   1.1798 15.17916368152715
1 47448U 21006AM  23301.84394518  .00005960  00000+0  29662-3 0  9994
2 47448  97.3799 354.1478 0010930 358.4814   1.6385 15.17919086152739
1 47448U 21006AM  23302.56908168  .00006536  00000+0  32486-3 0  9994
2 47448  97.3795 354.8548 0010850 355.7661   4.3480 15.17928034152842
1 47448U 21006AM  23302.89868768  .00006546  00000+0  32532-3 0  9994
2 47448  97.3797 355.1765 0010856 354.5162   5.5952 15.17932011152890
1 47448U 21006AM  23303.09645076  .00006551  00000+0  32556-3 0  9994
2 47448  97.3796 355.3693 0010837 353.8359   6.2740 15.17934692152924
1 47448U 21006AM  23303.88749993  .00006150  00000+0  30577-3 0  9990
2 47448  97.3793 356.1405 0010748 351.0729   9.0312 15.17944138153049
1 47448U 21006AM  23304.15118198  .00005353  00000+0  26658-3 0  9997
2 47448  97.3792 356.3976 0010723 350.2211   9.8813 15.17946065153082
1 47448U 21006AM  23304.41486342  .00005315  00000+0  26469-3 0  9993
2 47448  97.3791 356.6546 0010692 349.2640  10.8365 15.17949027153126
1 47448U 21006AM  23304.87630477  .00005076  00000+0  25289-3 0  9996
2 47448  97.3787 357.1044 0010640 347.5948  12.5023 15.17954109153199
1 47448U 21006AM  23305.40366489  .00004751  00000+0  23691-3 0  9999
2 47448  97.3785 357.6185 0010584 345.7558  14.3376 15.17958952153272
1 47448U 21006AM  23305.60142444  .00004381  00000+0  21870-3 0  9990
2 47448  97.3784 357.8113 0010570 344.9613  15.1305 15.17960435153306
1 47448U 21006AM  23305.93102306  .00004451  00000+0  22212-3 0  9998
2 47448  97.3784 358.1326 0010532 343.7805  16.3091 15.17963909153353
1 47448U 21006AM  23306.45837954  .00004773  00000+0  23792-3 0  9991
2 47448  97.3784 358.6465 0010490 341.7576  18.3280 15.17969601153434
1 47448U 21006AM  23306.91981500  .00004814  00000+0  23991-3 0  9996
2 47448  97.3784 359.0963 0010446 339.9997  20.0827 15.17974241153500
1 47448U 21006AM  23307.11757265  .00004756  00000+0  23704-3 0  9995
2 47448  97.3784 359.2891 0010430 339.2585  20.8225 15.17976175153532
1 47448U 21006AM  23307.84268141  .00005523  00000+0  27466-3 0  9997
2 47448  97.3785 359.9959 0010371 336.4865  23.5893 15.17984906153643
1 47448U 21006AM  23308.10635641  .00005580  00000+0  27743-3 0  9991
2 47448  97.3785   0.2530 0010349 335.4699  24.6041 15.17987912153684
1 47448U 21006AM  23308.89737770  .00006802  00000+0  33731-3 0  9995
2 47448  97.3785   1.0241 0010267 332.5431  27.5260 15.17999282153805
1 47448U 21006AM  23309.09513199  .00006910  00000+0  34260-3 0  9993
2 47448  97.3786   1.2168 0010251 331.7257  28.3420 15.18002226153830
1 47448U 21006AM  23309.68839244  .00006890  00000+0  34152-3 0  9997
2 47448  97.3787   1.7953 0010211 329.6059  30.4582 15.18010718153928
1 47448U 21006AM  23309.88614377  .00011189  00000+0  55210-3 0  9992
2 47448  97.3788   1.9882 0010205 328.8910  31.1719 15.18022957153953
1 47448U 21006AM  23310.41348035  .00011198  00000+0  55240-3 0  9991
2 47448  97.3790   2.5024 0010137 327.0224  33.0377 15.18032469154034
1 47448U 21006AM  23310.87489702  .00009090  00000+0  44908-3 0  9995
2 47448  97.3786   2.9523 0010083 325.3414  34.7162 15.18038539154101
1 47448U 21006AM  23311.59997455  .00006435  00000+0  31886-3 0  9995
2 47448  97.3786   3.6594 0010009 322.5143  37.5392 15.18049252154215
1 47448U 21006AM  23311.73180654  .00006099  00000+0  30240-3 0  9995
2 47448  97.3786   3.7879 0009992 321.9618  38.0910 15.18050589154230
1 47448U 21006AM  23312.39096314  .00006203  00000+0  30742-3 0  9991
2 47448  97.3787   4.4306 0009994 319.2085  40.8400 15.18060314154337
1 47448U 21006AM  23312.72054024  .00006109  00000+0  30279-3 0  9990
2 47448  97.3786   4.7520 0009970 317.8692  42.1775 15.18064635154384
1 47448U 21006AM  23313.11603212  .00006061  00000+0  30038-3 0  9993
2 47448  97.3785   5.1376 0009959 316.2776  43.7668 15.18068916154441
1 47448U 21006AM  23313.70926748  .00005947  00000+0  29475-3 0  9995
2 47448  97.3784   5.7161 0009935 313.8403  46.2010 15.18075581154537
1 47448U 21006AM  23314.36841491  .00006042  00000+0  29932-3 0  9994
2 47448  97.3783   6.3588 0009849 311.5116  48.5272 15.18083341154635
1 47448U 21006AM  23314.89573032  .00005325  00000+0  26421-3 0  9998
2 47448  97.3782   6.8730 0009807 309.4174  50.6192 15.18088266154717
1 47448U 21006AM  23315.09347315  .00005247  00000+0  26037-3 0  9990
2 47448  97.3781   7.0658 0009796 308.6905  51.3452 15.18090497154747
1 47448U 21006AM  23315.68670001  .00005514  00000+0  27338-3 0  9998
2 47448  97.3778   7.6442 0009768 306.3470  53.6862 15.18097612154837
1 47448U 21006AM  23316.41175232  .00004474  00000+0  22241-3 0  9998
2 47448  97.3778   8.3511 0009702 303.5199  56.5108 15.18102804154944
1 47448U 21006AM  23316.67540668  .00004963  00000+0  24633-3 0  9995
2 47448  97.3777   8.6082 0009688 302.4132  57.6165 15.18106602154986
1 47448U 21006AM  23317.13680146  .00004265  00000+0  21218-3 0  9994
2 47448  97.3775   9.0579 0009689 300.4903  59.5374 15.18109161155050
1 47448U 21006AM  23317.40045467  .00004785  00000+0  23759-3 0  9994
2 47448  97.3773   9.3151 0009671 299.4132  60.6136 15.18112906155093
1 47448U 21006AM  23318.38915254  .00004015  00000+0  19986-3 0  9995
2 47448  97.3770  10.2789 0009646 295.4228  64.6007 15.18119341155240
1 47448U 21006AM  23319.37784473  .00004198  00000+0  20877-3 0  9995
2 47448  97.3766  11.2427 0009591 291.3981  68.6229 15.18128112155397
1 47448U 21006AM  23319.90514494  .00004588  00000+0  22784-3 0  9990
2 47448  97.3764  11.7567 0009567 289.2875  70.7324 15.18133464155471
1 47448U 21006AM  23320.10288219  .00004592  00000+0  22803-3 0  9994
2 47448  97.3764  11.9495 0009566 288.4756  71.5438 15.18135172155508
1 47448U 21006AM  23320.89382898  .00004072  00000+0  20255-3 0  9990
2 47448  97.3762  12.7204 0009538 285.2622  74.7557 15.18140614155626
1 47448U 21006AM  23320.95974099  .00004075  00000+0  20269-3 0  9995
2 47448  97.3761  12.7847 0009560 285.0078  75.0098 15.18141231155637
1 47448U 21006AM  23321.61886093  .00003343  00000+0  16684-3 0  9998
2 47448  97.3761  13.4271 0009541 282.3334  77.6832 15.18145011155735
1 47448U 21006AM  23322.08024363  .00003083  00000+0  15411-3 0  9992
2 47448  97.3759  13.8769 0009526 280.4376  79.5785 15.18147977155805
1 47448U 21006AM  23322.87118369  .00002476  00000+0  12440-3 0  9993
2 47448  97.3760  14.6478 0009515 277.2842  82.7310 15.18151936155926
1 47448U 21006AM  23323.13483002  .00002382  00000+0  11979-3 0  9994
2 47448  97.3760  14.9048 0009512 276.1972  83.8178 15.18153339155968
1 47448U 21006AM  23323.59621042  .00002909  00000+0  14555-3 0  9990
2 47448  97.3761  15.3545 0009507 274.3285  85.6862 15.18157122156030
1 47448U 21006AM  23323.72803325  .00002962  00000+0  14817-3 0  9991
2 47448  97.3761  15.4830 0009503 273.8090  86.2058 15.18157916156059
1 47448U 21006AM  23324.58488027  .00003219  00000+0  16071-3 0  9994
2 47448  97.3763  16.3183 0009494 270.3348  89.6798 15.18163530156180
1 47448U 21006AM  23324.71670246  .00003303  00000+0  16479-3 0  9991
2 47448  97.3763  16.4468 0009487 269.8028  90.2119 15.18164586156207
1 47448U 21006AM  23325.11216854  .00003248  00000+0  16213-3 0  9991
2 47448  97.3763  16.8324 0009492 268.1972  91.8175 15.18166969156260
1 47448U 21006AM  23325.63945511  .00004325  00000+0  21469-3 0  9993
2 47448  97.3764  17.3463 0009476 266.0012  94.0139 15.18173990156341
1 47448U 21006AM  23326.03491915  .00005574  00000+0  27567-3 0  9994
2 47448  97.3765  17.7319 0009496 264.3998  95.6153 15.18179026156408
1 47448U 21006AM  23327.15539082  .00007111  00000+0  35057-3 0  9998
2 47448  97.3765  18.8242 0009509 259.9073 100.1089 15.18196053156571
1 47448U 21006AM  23327.88039523  .00006388  00000+0  31519-3 0  9997
2 47448  97.3766  19.5312 0009548 256.8701 103.1468 15.18205292156687
1 47448U 21006AM  23328.60539519  .00006112  00000+0  30164-3 0  9998
2 47448  97.3763  20.2381 0009545 253.7606 106.2578 15.18215144156791
1 47448U 21006AM  23328.67130391  .00006186  00000+0  30524-3 0  9991
2 47448  97.3762  20.3024 0009526 253.4807 106.5381 15.18216363156805
1 47448U 21006AM  23329.13266471  .00006298  00000+0  31068-3 0  9990
2 47448  97.3762  20.7521 0009545 251.6631 108.3565 15.18222890156870
1 47448U 21006AM  23330.12128558  .00010790  00000+0  52920-3 0  9996
2 47448  97.3757  21.7159 0009551 247.8171 112.2050 15.18247493157022
1 47448U 21006AM  23330.38491824  .00007806  00000+0  38393-3 0  9995
2 47448  97.3755  21.9726 0009571 247.1820 112.8403 15.18244276157066
1 47448U 21006AM  23330.91217737  .00006749  00000+0  33235-3 0  9998
2 47448  97.3752  22.4867 0009614 245.1199 114.9036 15.18251850157140
1 47448U 21006AM  23331.37352708  .00006307  00000+0  31079-3 0  9991
2 47448  97.3749  22.9365 0009644 243.2870 116.7377 15.18258698157215
1 47448U 21006AM  23331.70306117  .00006930  00000+0  34107-3 0  9998
2 47448  97.3748  23.2578 0009651 241.5986 118.4276 15.18264956157267
1 47448U 21006AM  23332.09850062  .00007283  00000+0  35820-3 0  9999
2 47448  97.3747  23.6431 0009645 240.1297 119.8979 15.18271656157328
1 47448U 21006AM  23332.69165716  .00007204  00000+0  35424-3 0  9993
2 47448  97.3746  24.2215 0009674 237.6628 122.3670 15.18280490157418
1 47448U 21006AM  23333.08709219  .00007511  00000+0  36908-3 0  9998
2 47448  97.3746  24.6072 0009694 235.8487 124.1829 15.18287676157473
1 47448U 21006AM  23334.14157885  .00007414  00000+0  36422-3 0  9995
2 47448  97.3743  25.6351 0009736 231.5354 128.5007 15.18304347157633
1 47448U 21006AM  23335.39376875  .00007337  00000+0  36028-3 0  9991
2 47448  97.3738  26.8555 0009835 226.5429 133.4988 15.18321648157820
1 47448U 21006AM  23335.45967285  .00007436  00000+0  36509-3 0  9993
2 47448  97.3740  26.9198 0009803 226.5806 133.4613 15.18323164157832
1 47448U 21006AM  23336.11871160  .00014776  00000+0  72107-3 0  9992
2 47448  97.3740  27.5624 0009859 224.4758 135.5685 15.18345995157936
1 47448U 21006AM  23337.10726211  .00006493  00000+0  31895-3 0  9994
2 47448  97.3740  28.5260 0009955 220.7978 139.2512 15.18350413158081
1 47448U 21006AM  23338.09580306  .00005800  00000+0  28516-3 0  9993
2 47448  97.3743  29.4898 0009995 217.0741 142.9804 15.18364001158232
1 47448U 21006AM  23339.15023928  .00005132  00000+0  25266-3 0  9990
2 47448  97.3745  30.5178 0010099 212.5953 147.4659 15.18375048158398
1 47448U 21006AM  23340.13876640  .00004554  00000+0  22448-3 0  9993
2 47448  97.3744  31.4814 0010199 208.5032 151.5646 15.18384338158549
1 47448U 21006AM  23341.12728799  .00003834  00000+0  18947-3 0  9993
2 47448  97.3744  32.4452 0010291 204.8468 155.2272 15.18392238158693
1 47448U 21006AM  23342.11580541  .00003344  00000+0  16567-3 0  9996
2 47448  97.3744  33.4090 0010411 201.2009 158.8795 15.18398630158846
1 47448U 21006AM  23343.10431862  .00003550  00000+0  17564-3 0  9994
2 47448  97.3743  34.3728 0010511 197.4636 162.6238 15.18405684158995
1 47448U 21006AM  23343.56562256  .00003564  00000+0  17627-3 0  9991
2 47448  97.3736  34.8212 0010797 194.1406 165.9528 15.18409216159067
1 47448U 21006AM  23343.89512464  .00003661  00000+0  18097-3 0  9993
2 47448  97.3737  35.1434 0010596 193.9726 166.1217 15.18412271159116
1 47448U 21006AM  23345.14721933  .00005248  00000+0  25780-3 0  9996
2 47448  97.3737  36.3644 0010497 190.7451 169.3560 15.18433454159305
1 47448U 21006AM  23345.60851434  .00006658  00000+0  32607-3 0  9999
2 47448  97.3732  36.8137 0010659 188.3956 171.7102 15.18441908159374
1 47448U 21006AM  23345.67441337  .00006553  00000+0  32098-3 0  9991
2 47448  97.3734  36.8781 0010675 187.9688 172.1378 15.18442873159389
1 47448U 21006AM  23346.13570621  .00005831  00000+0  28596-3 0  9998
2 47448  97.3731  37.3278 0010718 186.3235 173.7866 15.18447840159458
1 47448U 21006AM  23346.72879460  .00006752  00000+0  33045-3 0  9994
2 47448  97.3730  37.9064 0010944 184.1804 175.9341 15.18456576159543
1 47448U 21006AM  23347.12418468  .00008389  00000+0  40961-3 0  9999
2 47448  97.3728  38.2919 0010982 182.7576 177.3600 15.18464428159601
1 47448U 21006AM  23347.65136968  .00007463  00000+0  36471-3 0  9992
2 47448  97.3726  38.8057 0011008 181.0775 179.0437 15.18470366159684
1 47448U 21006AM  23348.11265397  .00007852  00000+0  38347-3 0  9999
2 47448  97.3723  39.2553 0011019 179.6023 180.5222 15.18477810159756
1 47448U 21006AM  23348.70572962  .00008163  00000+0  39836-3 0  9993
2 47448  97.3722  39.8334 0011107 177.5785 182.5505 15.18488633159849
1 47448U 21006AM  23349.10111100  .00008042  00000+0  39244-3 0  9990
2 47448  97.3721  40.2187 0011130 176.2402 183.8918 15.18495677159903
1 47448U 21006AM  23349.69417941  .00008057  00000+0  39301-3 0  9996
2 47448  97.3720  40.7969 0011182 174.0933 186.0435 15.18507051159995
1 47448U 21006AM  23350.08955573  .00008092  00000+0  39463-3 0  9997
2 47448  97.3721  41.1824 0011152 172.7064 187.4334 15.18514840160054
1 47448U 21006AM  23350.61672140  .00009070  00000+0  44173-3 0  9993
2 47448  97.3721  41.6962 0011203 170.7966 189.3476 15.18526197160133
1 47448U 21006AM  23351.14388441  .00007541  00000+0  36780-3 0  9996
2 47448  97.3720  42.2101 0011288 168.9414 191.2070 15.18532722160216
1 47448U 21006AM  23352.13230410  .00011141  00000+0  54119-3 0  9995
2 47448  97.3719  43.1735 0011288 165.4502 194.7059 15.18557522160363
1 47448U 21006AM  23353.12070881  .00010396  00000+0  50498-3 0  9996
2 47448  97.3720  44.1371 0011375 162.3317 197.8316 15.18578711160519
1 47448U 21006AM  23353.71374438  .00010338  00000+0  50197-3 0  9998
2 47448  97.3720  44.7153 0011384 160.4457 199.7217 15.18592773160602
1 47448U 21006AM  23354.10909810  .00010485  00000+0  50889-3 0  9991
2 47448  97.3722  45.1005 0011490 159.4170 200.7529 15.18602643160666
1 47448U 21006AM  23354.63623445  .00010442  00000+0  50668-3 0  9994
2 47448  97.3723  45.6151 0011424 157.7178 202.4555 15.18612780160740
1 47448U 21006AM  23355.09747654  .00010448  00000+0  50681-3 0  9995
2 47448  97.3723  46.0646 0011575 156.1162 204.0612 15.18620546160816
1 47448U 21006AM  23356.15173605  .00008353  00000+0  40577-3 0  9997
2 47448  97.3724  47.0931 0011595 152.3810 207.8043 15.18634679160973
1 47448U 21006AM  23356.67886123  .00007370  00000+0  35837-3 0  9991
2 47448  97.3733  47.6059 0011797 151.4381 208.7502 15.18641100161054
1 47448U 21006AM  23357.60132474  .00007442  00000+0  36168-3 0  9996
2 47448  97.3726  48.5059 0011901 148.1219 212.0738 15.18654719161190
1 47448U 21006AM  23357.66721475  .00007277  00000+0  35375-3 0  9992
2 47448  97.3725  48.5704 0011825 147.5260 212.6704 15.18655519161200
1 47448U 21006AM  23359.11677101  .00011203  00000+0  54200-3 0  9992
2 47448  97.3720  49.9842 0011770 142.6918 217.5136 15.18693939161423
1 47448U 21006AM  23359.38032217  .00012269  00000+0  59299-3 0  9990
2 47448  97.3718  50.2411 0011798 141.8686 218.3386 15.18703517161464
1 47448U 21006AM  23359.70975991  .00012418  00000+0  59997-3 0  9992
2 47448  97.3715  50.5624 0011816 140.7685 219.4408 15.18712904161511
1 47448U 21006AM  23360.69806133  .00013425  00000+0  64778-3 0  9995
2 47448  97.3710  51.5255 0011763 137.2947 222.9204 15.18740811161667
1 47448U 21006AM  23361.09337734  .00012658  00000+0  61086-3 0  9992
2 47448  97.3712  51.9112 0011899 136.1866 224.0314 15.18750102161729
1 47448U 21006AM  23361.62046200  .00011774  00000+0  56826-3 0  9990
2 47448  97.3710  52.4252 0011955 134.4715 225.7499 15.18761480161807
1 47448U 21006AM  23362.67462056  .00009677  00000+0  46749-3 0  9999
2 47448  97.3705  53.4527 0012142 131.1253 229.1031 15.18780521161961
1 47448U 21006AM  23363.59699875  .00008481  00000+0  40997-3 0  9993
2 47448  97.3700  54.3523 0012192 128.0766 232.1570 15.18795255162100
1 47448U 21006AM  23363.72876674  .00007882  00000+0  38126-3 0  9997
2 47448  97.3701  54.4806 0012182 127.9009 232.3329 15.18795863162124
1 47448U 21006AM  23364.58525331  .00007040  00000+0  34083-3 0  9997
2 47448  97.3699  55.3156 0012218 125.3574 234.8805 15.18806852162258
1 47448U 21006AM  23364.91466938  .00006779  00000+0  32827-3 0  9993
2 47448  97.3698  55.6368 0012227 124.3807 235.8586 15.18810700162303
1 47448U 21006AM  23365.11231865  .00006735  00000+0  32615-3 0  9992
2 47448  97.3698  55.8294 0012229 123.7544 236.4857 15.18813408162335
1 47448U 21006AM  23365.70526491  .00006598  00000+0  31952-3 0  9999
2 47448  97.3698  56.4076 0012257 121.9649 238.2779 15.18820414162425
1 47448U 21006AM  24001.10056040  .00006411  00000+0  31051-3 0  9993
2 47448  97.3697  56.7931 0012262 120.6990 239.5454 15.18825324162483
1 47448U 21006AM  24001.69350126  .00006734  00000+0  32587-3 0  9992
2 47448  97.3698  57.3712 0012314 118.9353 241.3118 15.18833673162573
1 47448U 21006AM  24002.61584623  .00007170  00000+0  34661-3 0  9996
2 47448  97.3701  58.2703 0012327 116.1804 244.0700 15.18847794162715
1 47448U 21006AM  24002.87937196  .00006759  00000+0  32692-3 0  9995
2 47448  97.3701  58.5274 0012361 115.3215 244.9302 15.18850828162759
1 47448U 21006AM  24003.14289708  .00006562  00000+0  31747-3 0  9997
2 47448  97.3701  58.7844 0012371 114.4979 245.7547 15.18854380162793
1 47448U 21006AM  24003.60406431  .00006332  00000+0  30641-3 0  9999
2 47448  97.3700  59.2340 0012430 113.1891 247.0654 15.18860646162868
1 47448U 21006AM  24003.73582598  .00006342  00000+0  30688-3 0  9994
2 47448  97.3700  59.3626 0012394 112.6579 247.5967 15.18862581162886
1 47448U 21006AM  24004.13111109  .00006110  00000+0  29571-3 0  9997
2 47448  97.3700  59.7482 0012392 111.2120 249.0439 15.18867012162947
1 47448U 21006AM  24004.65815627  .00005053  00000+0  24511-3 0  9994
2 47448  97.3700  60.2623 0012369 109.5691 250.6880 15.18870660163029
1 47448U 21006AM  24005.58048224  .00004530  00000+0  22006-3 0  9994
2 47448  97.3700  61.1615 0012404 106.7217 253.5380 15.18877567163168
1 47448U 21006AM  24005.71224263  .00004638  00000+0  22519-3 0  9996
2 47448  97.3700  61.2900 0012404 106.2839 253.9760 15.18878915163187
1 47448U 21006AM  24005.90988309  .00004775  00000+0  23175-3 0  9996
2 47448  97.3701  61.4828 0012457 106.0345 254.2262 15.18880656163217
1 47448U 21006AM  24006.10752336  .00004747  00000+0  23040-3 0  9998
2 47448  97.3700  61.6753 0012477 105.5169 254.7444 15.18882347163244
1 47448U 21006AM  24006.89808217  .00004238  00000+0  20601-3 0  9999
2 47448  97.3699  62.4462 0012512 103.1013 257.1618 15.18887952163369
1 47448U 21006AM  24007.09572136  .00004121  00000+0  20042-3 0  9990
2 47448  97.3699  62.6391 0012499 102.4858 257.7776 15.18889399163396
1 47448U 21006AM  24007.88627529  .00004417  00000+0  21450-3 0  9996
2 47448  97.3699  63.4101 0012504 100.0399 260.2248 15.18897125163518
1 47448U 21006AM  24008.14979241  .00004347  00000+0  21118-3 0  9990
2 47448  97.3699  63.6673 0012509  99.1723 261.0928 15.18899537163555
1 47448U 21006AM  24008.61094655  .00004362  00000+0  21187-3 0  9992
2 47448  97.3698  64.1168 0012523  97.7927 262.4730 15.18903730163620
1 47448U 21006AM  24008.87446203  .00004550  00000+0  22083-3 0  9995
2 47448  97.3697  64.3738 0012522  96.9545 263.3114 15.18906835163669
1 47448U 21006AM  24009.33561353  .00004706  00000+0  22826-3 0  9999
2 47448  97.3696  64.8235 0012527  95.5303 264.7361 15.18911783163732
1 47448U 21006AM  24009.59912822  .00004807  00000+0  23304-3 0  9992
2 47448  97.3695  65.0804 0012540  94.7280 265.5387 15.18914570163774
1 47448U 21006AM  24009.73088531  .00004866  00000+0  23585-3 0  9995
2 47448  97.3694  65.2089 0012538  94.2846 265.9821 15.18915954163796
1 47448U 21006AM  24010.12615602  .00004849  00000+0  23502-3 0  9995
2 47448  97.3693  65.5944 0012528  92.9055 267.3614 15.18919760163856
1 47448U 21006AM  24010.71905995  .00005278  00000+0  25547-3 0  9995
2 47448  97.3691  66.1725 0012533  91.1286 269.1385 15.18926619163947
1 47448U 21006AM  24011.11432744  .00006034  00000+0  29153-3 0  9995
2 47448  97.3690  66.5579 0012507  89.9858 270.2810 15.18932341164001
1 47448U 21006AM  24011.90485824  .00006814  00000+0  32865-3 0  9999
2 47448  97.3686  67.3286 0012500  87.5897 272.6769 15.18943339164121
1 47448U 21006AM  24012.10249012  .00006812  00000+0  32853-3 0  9994
2 47448  97.3685  67.5211 0012501  86.8888 273.3777 15.18946051164157
1 47448U 21006AM  24012.36599864  .00006985  00000+0  33678-3 0  9992
2 47448  97.3684  67.7780 0012499  85.9647 274.3016 15.18949772164192
1 47448U 21006AM  24012.89301360  .00006951  00000+0  33508-3 0  9997
2 47448  97.3682  68.2917 0012510  84.3481 275.9180 15.18957224164270
1 47448U 21006AM  24013.09064350  .00006866  00000+0  33100-3 0  9998
2 47448  97.3681  68.4843 0012514  83.7633 276.5027 15.18960074164303
1 47448U 21006AM  24013.68353135  .00006848  00000+0  33004-3 0  9998
2 47448  97.3679  69.0622 0012511  81.9539 278.3115 15.18968315164397
1 47448U 21006AM  24014.60579437  .00006952  00000+0  33488-3 0  9998
2 47448  97.3675  69.9614 0012508  79.2026 281.0616 15.18981618164534
1 47448U 21006AM  24014.67167004  .00006864  00000+0  33066-3 0  9992
2 47448  97.3675  70.0256 0012524  79.0914 281.1729 15.18982436164547
1 47448U 21006AM  24015.13279828  .00007290  00000+0  35093-3 0  9998
2 47448  97.3677  70.4756 0012532  77.7118 282.5519 15.18989546164617
1 47448U 21006AM  24015.59392446  .00006744  00000+0  32483-3 0  9993
2 47448  97.3677  70.9253 0012517  76.2225 284.0402 15.18995538164683
1 47448U 21006AM  24015.72567445  .00006687  00000+0  32210-3 0  9995
2 47448  97.3677  71.0537 0012506  75.8863 284.3760 15.18997191164701
1 47448U 21006AM  24016.58204531  .00006730  00000+0  32404-3 0  9998
2 47448  97.3677  71.8888 0012443  73.2638 286.9962 15.19009445164833
1 47448U 21006AM  24016.71379405  .00006777  00000+0  32628-3 0  9995
2 47448  97.3676  72.0172 0012433  72.8263 287.4332 15.19011292164851
1 47448U 21006AM  24017.10903924  .00007023  00000+0  33791-3 0  9995
2 47448  97.3677  72.4027 0012404  71.5552 288.7030 15.19017242164917
1 47448U 21006AM  24017.70190431  .00007462  00000+0  35873-3 0  9992
2 47448  97.3679  72.9808 0012347  69.5545 290.7014 15.19026363165006
1 47448U 21006AM  24018.09714612  .00006973  00000+0  33542-3 0  9995
2 47448  97.3682  73.3661 0012345  68.3159 291.9389 15.19031018165065
1 47448U 21006AM  24018.69000579  .00007104  00000+0  34156-3 0  9990
2 47448  97.3681  73.9443 0012390  66.8645 293.3894 15.19039941165151
1 47448U 21006AM  24019.15111645  .00007039  00000+0  33841-3 0  9996
2 47448  97.3682  74.3940 0012375  65.4135 294.8388 15.19046601165224
1 47448U 21006AM  24019.67809757  .00006725  00000+0  32340-3 0  9995
2 47448  97.3683  74.9079 0012358  63.9014 296.3490 15.19053807165300
1 47448U 21006AM  24020.60030877  .00006058  00000+0  29158-3 0  9991
2 47448  97.3682  75.8074 0012343  60.8558 299.3910 15.19065607165443
1 47448U 21006AM  24020.73205273  .00006227  00000+0  29962-3 0  9990
2 47448  97.3681  75.9358 0012306  60.3652 299.8807 15.19067092165469
1 47448U 21006AM  24021.12728378  .00006041  00000+0  29073-3 0  9997
2 47448  97.3679  76.3214 0012330  58.9517 301.2927 15.19071761165528
1 47448U 21006AM  24021.58838525  .00006174  00000+0  29698-3 0  9993
2 47448  97.3679  76.7710 0012305  57.4905 302.7517 15.19077285165595
1 47448U 21006AM  24022.11535628  .00005841  00000+0  28110-3 0  9999
2 47448  97.3679  77.2849 0012266  55.9198 304.3199 15.19082797165674
1 47448U 21006AM  24022.90580878  .00006020  00000+0  28954-3 0  9999
2 47448  97.3674  78.0554 0012209  53.4623 306.7734 15.19092021165799
1 47448U 21006AM  24023.10342099  .00006105  00000+0  29356-3 0  9994
2 47448  97.3674  78.2481 0012195  52.8863 307.3484 15.19094775165824
1 47448U 21006AM  24023.36690311  .00006851  00000+0  32897-3 0  9997
2 47448  97.3673  78.5050 0012186  52.0130 308.2204 15.19099612165866
1 47448U 21006AM  24023.89386582  .00006723  00000+0  32285-3 0  9996
2 47448  97.3672  79.0188 0012174  50.3365 309.8942 15.19106555165941
1 47448U 21006AM  24024.09147600  .00006737  00000+0  32350-3 0  9993
2 47448  97.3673  79.2119 0012146  49.9922 310.2376 15.19109566165975
1 47448U 21006AM  24024.61843509  .00007167  00000+0  34383-3 0  9998
2 47448  97.3670  79.7256 0012093  48.4939 311.7331 15.19117776166051
1 47448U 21006AM  24024.88191378  .00006579  00000+0  31590-3 0  9990
2 47448  97.3669  79.9825 0012075  47.7390 312.4867 15.19120231166092
1 47448U 21006AM  24025.60647748  .00006555  00000+0  31468-3 0  9996
2 47448  97.3665  80.6890 0012007  45.6263 314.5953 15.19129529166201
1 47448U 21006AM  24026.13342959  .00006842  00000+0  32821-3 0  9994
2 47448  97.3663  81.2028 0011979  43.9185 316.3000 15.19137129166286
1 47448U 21006AM  24027.38493444  .00006345  00000+0  30455-3 0  9997
2 47448  97.3658  82.4230 0011886  39.9057 320.3049 15.19149892166477
1 47448U 21006AM  24028.10948443  .00005790  00000+0  27815-3 0  9991
2 47448  97.3655  83.1294 0011782  37.8034 322.4026 15.19157118166589
1 47448U 21006AM  24028.70229589  .00005927  00000+0  28460-3 0  9999
2 47448  97.3654  83.7073 0011723  35.8882 324.3138 15.19163278166672
1 47448U 21006AM  24028.89989901  .00005921  00000+0  28430-3 0  9991
2 47448  97.3653  83.9000 0011698  35.2946 324.9061 15.19165340166706
1 47448U 21006AM  24029.88790838  .00006518  00000+0  31250-3 0  9997
2 47448  97.3653  84.8635 0011618  32.1763 328.0178 15.19179195166858
1 47448U 21006AM  24030.15137546  .00006983  00000+0  33449-3 0  9998
2 47448  97.3653  85.1202 0011605  31.3233 328.8691 15.19184382166897
1 47448U 21006AM  24030.61244150  .00007244  00000+0  34682-3 0  9990
2 47448  97.3648  85.5690 0011564  29.8816 330.3076 15.19192057166960
1 47448U 21006AM  24030.87590428  .00008257  00000+0  39468-3 0  9992
2 47448  97.3652  85.8268 0011584  28.8725 331.3148 15.19200814167007
1 47448U 21006AM  24031.07350179  .00008367  00000+0  39987-3 0  9990
2 47448  97.3652  86.0197 0011543  28.3243 331.8617 15.19205251167035
1 47448U 21006AM  24031.60042543  .00008660  00000+0  41362-3 0  9998
2 47448  97.3650  86.5333 0011470  26.7344 333.4480 15.19217465167118
1 47448U 21006AM  24032.12734606  .00008753  00000+0  41788-3 0  9999
2 47448  97.3651  87.0470 0011481  24.7880 335.3904 15.19228046167199
1 47448U 21006AM  24033.11531254  .00009931  00000+0  47337-3 0  9998
2 47448  97.3650  88.0105 0011331  21.4257 338.7450 15.19248673167348
1 47448U 21006AM  24033.64222283  .00009997  00000+0  47634-3 0  9997
2 47448  97.3650  88.5244 0011295  19.4147 340.7516 15.19258980167428
1 47448U 21006AM  24034.10326642  .00010295  00000+0  49030-3 0  9998
2 47448  97.3650  88.9740 0011250  17.9950 342.1681 15.19268672167494
1 47448U 21006AM  24034.69603294  .00010489  00000+0  49931-3 0  9998
2 47448  97.3652  89.5521 0011204  15.9924 344.1662 15.19280514167588
1 47448U 21006AM  24035.09120779  .00010410  00000+0  49546-3 0  9991
2 47448  97.3652  89.9376 0011194  14.7562 345.3997 15.19288488167642
1 47448U 21006AM  24035.68396600  .00011746  00000+0  55833-3 0  9993
2 47448  97.3655  90.5156 0011127  12.7986 347.3529 15.19302795167734
1 47448U 21006AM  24036.07913465  .00011628  00000+0  55259-3 0  9992
2 47448  97.3656  90.9010 0011075  11.2211 348.9268 15.19311642167799
1 47448U 21006AM  24036.67188306  .00012740  00000+0  60482-3 0  9996
2 47448  97.3655  91.4793 0010963   9.5730 350.5711 15.19327567167888
1 47448U 21006AM  24037.13290557  .00011958  00000+0  56777-3 0  9992
2 47448  97.3654  91.9288 0010893   8.0131 352.1276 15.19338445167951
1 47448U 21006AM  24037.59392379  .00013163  00000+0  62436-3 0  9996
2 47448  97.3650  92.3784 0010750   6.4943 353.6429 15.19352061168023
1 47448U 21006AM  24037.65978318  .00013202  00000+0  62615-3 0  9999
2 47448  97.3650  92.4427 0010761   6.2279 353.9087 15.19354112168033
1 47448U 21006AM  24038.12079717  .00013942  00000+0  66070-3 0  9997
2 47448  97.3649  92.8921 0010798   4.6698 355.4636 15.19368210168100
1 47448U 21006AM  24038.71352381  .00013781  00000+0  65285-3 0  9991
2 47448  97.3646  93.4702 0010738   2.3363 357.7920 15.19383916168199
1 47448U 21006AM  24039.37210100  .00014809  00000+0  70084-3 0  9991
2 47448  97.3640  94.1127 0010669 359.9453   0.1778 15.19403338168298
1 47448U 21006AM  24039.70138660  .00015271  00000+0  72235-3 0  9992
2 47448  97.3638  94.4337 0010624 358.8283   1.2925 15.19413674168347
1 47448U 21006AM  24040.09652610  .00016232  00000+0  76721-3 0  9994
2 47448  97.3636  94.8191 0010596 357.4574   2.6605 15.19427069168403
1 47448U 21006AM  24041.08436130  .00013254  00000+0  62683-3 0  9994
2 47448  97.3633  95.7822 0010526 353.9897   6.1210 15.19454276168550
1 47448U 21006AM  24041.67705331  .00016067  00000+0  75844-3 0  9999
2 47448  97.3629  96.3599 0010507 352.1547   7.9522 15.19474986168640
1 47448U 21006AM  24042.13803113  .00019383  00000+0  91347-3 0  9998
2 47448  97.3627  96.8094 0010440 350.6437   9.4601 15.19492446168714
1 47448U 21006AM  24042.73070931  .00017833  00000+0  84044-3 0  9992
2 47448  97.3624  97.3875 0010390 348.4661  11.6334 15.19510192168809
1 47448U 21006AM  24043.12582355  .00016038  00000+0  75612-3 0  9991
2 47448  97.3625  97.7726 0010237 346.8093  13.2872 15.19522209168863
1 47448U 21006AM  24043.45508272  .00016565  00000+0  78051-3 0  9998
2 47448  97.3623  98.0939 0010245 345.5421  14.5519 15.19534084168913
1 47448U 21006AM  24044.11359690  .00012816  00000+0  60463-3 0  9993
2 47448  97.3622  98.7361 0010258 343.0476  17.0414 15.19549160169010
1 47448U 21006AM  24044.37700151  .00011644  00000+0  54968-3 0  9994
2 47448  97.3620  98.9932 0010124 341.8344  18.2528 15.19552058169059
1 47448U 21006AM  24044.90380879  .00012434  00000+0  58653-3 0  9997
2 47448  97.3623  99.5072 0010210 340.0331  20.0503 15.19561320169132
1 47448U 21006AM  24045.10136066  .00012266  00000+0  57861-3 0  9990
2 47448  97.3622  99.6995 0010149 339.2789  20.8033 15.19564524169162
1 47448U 21006AM  24045.43061293  .00012091  00000+0  57031-3 0  9990
2 47448  97.3625 100.0210 0010209 338.4233  21.6570 15.19569458169216
1 47448U 21006AM  24045.89156450  .00010925  00000+0  51564-3 0  9999
2 47448  97.3622 100.4703 0010096 336.2533  23.8234 15.19575123169281
1 47448U 21006AM  24046.08911450  .00009676  00000+0  45710-3 0  9997
2 47448  97.3623 100.6630 0010041 335.9565  24.1200 15.19577708169316
1 47448U 21006AM  24046.94516017  .00006700  00000+0  31755-3 0  9991
2 47448  97.3625 101.4981 0009968 332.7219  27.3491 15.19585919169447
1 47448U 21006AM  24047.14270833  .00006348  00000+0  30103-3 0  9991
2 47448  97.3624 101.6909 0009944 332.0418  28.0282 15.19588298169478
1 47448U 21006AM  24047.60365234  .00006342  00000+0  30070-3 0  9999
2 47448  97.3625 102.1405 0009896 330.2547  29.8124 15.19594824169549
1 47448U 21006AM  24047.93289728  .00005864  00000+0  27825-3 0  9990
2 47448  97.3624 102.4617 0009877 328.9433  31.1217 15.19597873169594
1 47448U 21006AM  24048.39383868  .00005830  00000+0  27663-3 0  9994
2 47448  97.3623 102.9113 0009820 327.2430  32.8195 15.19603724169660
1 47448U 21006AM  24048.59138455  .00005855  00000+0  27778-3 0  9990
2 47448  97.3623 103.1040 0009824 326.3835  33.6776 15.19605964169690
1 47448U 21006AM  24048.72308167  .00005783  00000+0  27439-3 0  9998
2 47448  97.3623 103.2325 0009814 325.8702  34.1901 15.19607390169717
1 47448U 21006AM  24049.38156444  .00006568  00000+0  31107-3 0  9999
2 47448  97.3623 103.8748 0009763 323.2804  36.7761 15.19617014169817
1 47448U 21006AM  24049.71080474  .00006263  00000+0  29677-3 0  9996
2 47448  97.3623 104.1959 0009747 321.9218  38.1327 15.19620449169866
1 47448U 21006AM  24049.90834824  .00006467  00000+0  30631-3 0  9991
2 47448  97.3623 104.3886 0009738 321.0665  38.9867 15.19623336169892
1 47448U 21006AM  24050.10589181  .00006291  00000+0  29807-3 0  9996
2 47448  97.3622 104.5812 0009701 320.4313  39.6213 15.19625438169927
1 47448U 21006AM  24050.89606222  .00005537  00000+0  26265-3 0  9995
2 47448  97.3621 105.3519 0009630 317.2915  42.7571 15.19633626170047
1 47448U 21006AM  24051.09360408  .00005454  00000+0  25877-3 0  9997
2 47448  97.3621 105.5445 0009623 316.5074  43.5402 15.19635982170079
1 47448U 21006AM  24051.94961522  .00005380  00000+0  25521-3 0  9999
2 47448  97.3619 106.3794 0009529 313.0127  47.0309 15.19646167170205
1 47448U 21006AM  24052.41054214  .00005177  00000+0  24570-3 0  9990
2 47448  97.3618 106.8290 0009513 311.3091  48.7324 15.19651081170277
1 47448U 21006AM  24052.60808190  .00004549  00000+0  21626-3 0  9992
2 47448  97.3618 107.0216 0009507 310.4962  49.5444 15.19652215170304
1 47448U 21006AM  24052.93731409  .00004575  00000+0  21747-3 0  9999
2 47448  97.3617 107.3428 0009483 309.2326  50.8067 15.19655821170351
1 47448U 21006AM  24053.39823826  .00004445  00000+0  21136-3 0  9993
2 47448  97.3614 107.7923 0009446 307.4290  52.6085 15.19660134170422
1 47448U 21006AM  24054.12254514  .00004179  00000+0  19886-3 0  9990
2 47448  97.3612 108.4987 0009413 304.4652  55.5694 15.19666695170539
1 47448U 21006AM  24054.58346617  .00004826  00000+0  22912-3 0  9999
2 47448  97.3610 108.9482 0009391 302.6113  57.4215 15.19672113170609
1 47448U 21006AM  24054.64931191  .00004854  00000+0  23043-3 0  9990
2 47448  97.3609 109.0124 0009386 302.3621  57.6705 15.19672784170618
1 47448U 21006AM  24055.37361357  .00005230  00000+0  24797-3 0  9998
2 47448  97.3607 109.7187 0009342 299.4494  60.5808 15.19680019170727
1 47448U 21006AM  24055.90037604  .00005629  00000+0  26662-3 0  9997
2 47448  97.3604 110.2324 0009322 297.2789  62.7496 15.19685917170803
1 47448U 21006AM  24056.69051599  .00006166  00000+0  29165-3 0  9991
2 47448  97.3602 111.0030 0009300 293.9770  66.0491 15.19695303170928
1 47448U 21006AM  24056.88805028  .00006082  00000+0  28771-3 0  9995
2 47448  97.3601 111.1956 0009312 293.1538  66.8716 15.19697092170950
1 47448U 21006AM  24057.61233979  .00005885  00000+0  27841-3 0  9994
2 47448  97.3596 111.9016 0009248 290.1559  69.8681 15.19705201171065
1 47448U 21006AM  24057.87571687  .00005770  00000+0  27304-3 0  9990
2 47448  97.3596 112.1584 0009228 289.1460  70.8776 15.19708084171109
1 47448U 21006AM  24058.13909343  .00005546  00000+0  26251-3 0  9995
2 47448  97.3596 112.4153 0009218 288.0844  71.9387 15.19710892171141
1 47448U 21006AM  24058.60000114  .00004874  00000+0  23110-3 0  9999
2 47448  97.3594 112.8647 0009214 286.2777  73.7444 15.19714976171211
1 47448U 21006AM  24059.45596968  .00004419  00000+0  20977-3 0  9993
2 47448  97.3592 113.6994 0009193 282.7520  77.2688 15.19722419171340
1 47448U 21006AM  24059.71934399  .00004033  00000+0  19174-3 0  9995
2 47448  97.3592 113.9563 0009198 281.6685  78.3518 15.19724012171389
1 47448U 21006AM  24060.11440469  .00004114  00000+0  19548-3 0  9996
2 47448  97.3593 114.3416 0009193 280.0842  79.9356 15.19727344171440
1 47448U 21006AM  24060.70699418  .00004260  00000+0  20228-3 0  9990
2 47448  97.3591 114.9195 0009200 277.5600  82.4590 15.19732336171536
1 47448U 21006AM  24060.90452343  .00004285  00000+0  20343-3 0  9991
2 47448  97.3592 115.1121 0009201 276.7822  83.2366 15.19734208171560
1 47448U 21006AM  24061.43126746  .00004703  00000+0  22295-3 0  9998
2 47448  97.3593 115.6261 0009261 274.7142  85.3035 15.19739399171641
1 47448U 21006AM  24061.89216686  .00004735  00000+0  22441-3 0  9999
2 47448  97.3592 116.0752 0009200 273.2233  86.7949 15.19743672171714
1 47448U 21006AM  24062.08969471  .00004781  00000+0  22653-3 0  9994
2 47448  97.3592 116.2679 0009207 272.4206  87.5975 15.19745693171748
1 47448U 21006AM  24062.87980357  .00004733  00000+0  22425-3 0  9991
2 47448  97.3591 117.0385 0009205 269.0757  90.9424 15.19753234171861
1 47448U 21006AM  24063.14317233  .00004634  00000+0  21960-3 0  9992
2 47448  97.3591 117.2954 0009211 267.9937  92.0243 15.19755743171903
1 47448U 21006AM  24063.60406641  .00004764  00000+0  22566-3 0  9992
2 47448  97.3592 117.7449 0009200 266.0149  94.0034 15.19760812171971
1 47448U 21006AM  24063.66990837  .00004740  00000+0  22453-3 0  9992
2 47448  97.3592 117.8091 0009201 265.7322  94.2861 15.19761372171988
1 47448U 21006AM  24064.13079858  .00006811  00000+0  32105-3 0  9992
2 47448  97.3591 118.2585 0009194 263.9595  96.0593 15.19772588172055
1 47448U 21006AM  24064.92089731  .00004763  00000+0  22552-3 0  9999
2 47448  97.3592 119.0295 0009195 260.2385  99.7812 15.19775611172178
1 47448U 21006AM  24065.11842092  .00004713  00000+0  22315-3 0  9990
2 47448  97.3592 119.2221 0009204 259.5115 100.5083 15.19777846172209
1 47448U 21006AM  24065.57930781  .00005320  00000+0  25142-3 0  9999
2 47448  97.3591 119.6716 0009214 257.6466 102.3737 15.19784450172272
1 47448U 21006AM  24066.10603385  .00005698  00000+0  26903-3 0  9990
2 47448  97.3592 120.1853 0009251 255.4377 104.5833 15.19791413172357
1 47448U 21006AM  24066.69859814  .00005794  00000+0  27342-3 0  9999
2 47448  97.3590 120.7631 0009284 252.9170 107.1048 15.19798313172447
1 47448U 21006AM  24067.09363986  .00005290  00000+0  24991-3 0  9992
2 47448  97.3590 121.1483 0009314 251.3060 108.7164 15.19801654172508
1 47448U 21006AM  24068.08123895  .00005474  00000+0  25839-3 0  9991
2 47448  97.3586 122.1114 0009333 247.2145 112.8105 15.19813100172650
1 47448U 21006AM  24068.14707875  .00005356  00000+0  25291-3 0  9995
2 47448  97.3586 122.1757 0009338 246.9270 113.0981 15.19813536172662
1 47448U 21006AM  24068.87131311  .00004706  00000+0  22255-3 0  9996
2 47448  97.3583 122.8819 0009358 243.9151 116.1121 15.19820414172777
1 47448U 21006AM  24069.13467039  .00004547  00000+0  21515-3 0  9996
2 47448  97.3581 123.1386 0009363 242.8467 117.1814 15.19822956172810
1 47448U 21006AM  24069.39802677  .00005591  00000+0  26374-3 0  9993
2 47448  97.3579 123.3954 0009381 241.6807 118.3482 15.19827750172850
1 47448U 21006AM  24070.38561111  .00004505  00000+0  21308-3 0  9995
2 47448  97.3574 124.3583 0009463 237.7757 122.2561 15.19835104173007
1 47448U 21006AM  24070.58312734  .00004554  00000+0  21537-3 0  9990
2 47448  97.3574 124.5509 0009475 237.0116 123.0209 15.19837089173037
1 47448U 21006AM  24071.37318978  .00004495  00000+0  21259-3 0  9999
2 47448  97.3570 125.3212 0009509 233.7652 126.2705 15.19844046173159
1 47448U 21006AM  24072.09741018  .00004631  00000+0  21886-3 0  9992
2 47448  97.3567 126.0274 0009577 230.9451 129.0932 15.19851027173264
1 47448U 21006AM  24072.88746485  .00004671  00000+0  22067-3 0  9998
2 47448  97.3564 126.7977 0009636 227.7466 132.2953 15.19858706173387
1 47448U 21006AM  24073.41416560  .00004333  00000+0  20492-3 0  9991
2 47448  97.3563 127.3113 0009696 225.6807 134.3634 15.19863309173460
1 47448U 21006AM  24073.94086393  .00005055  00000+0  23843-3 0  9991
2 47448  97.3562 127.8250 0009720 223.7163 136.3304 15.19870809173546
1 47448U 21006AM  24074.13837545  .00004981  00000+0  23500-3 0  9993
2 47448  97.3562 128.0176 0009731 223.0016 137.0459 15.19872844173571
1 47448U 21006AM  24074.40172376  .00004968  00000+0  23436-3 0  9990
2 47448  97.3561 128.2744 0009755 221.8617 138.1873 15.19875525173618
1 47448U 21006AM  24075.12592857  .00004938  00000+0  23291-3 0  9996
2 47448  97.3560 128.9806 0009805 218.9909 141.0620 15.19883819173720
1 47448U 21006AM  24075.58678437  .00005027  00000+0  23701-3 0  9991
2 47448  97.3560 129.4300 0009858 217.3156 142.7396 15.19888794173792
1 47448U 21006AM  24076.57432812  .00004958  00000+0  23373-3 0  9993
2 47448  97.3560 130.3931 0009972 213.6836 146.3766 15.19898527173947
1 47448U 21006AM  24076.70600017  .00005007  00000+0  23598-3 0  9997
2 47448  97.3561 130.5214 0009987 213.1969 146.8641 15.19899902173969
1 47448U 21006AM  24076.90350806  .00005080  00000+0  23939-3 0  9997
2 47448  97.3561 130.7140 0010004 212.4188 147.6433 15.19901864173998
1 47448U 21006AM  24077.10101565  .00005149  00000+0  24257-3 0  9996
2 47448  97.3561 130.9066 0010023 211.6787 148.3846 15.19904081174029
1 47448U 21006AM  24077.89104345  .00004885  00000+0  23026-3 0  9990
2 47448  97.3561 131.6769 0010096 208.6591 151.4091 15.19911321174141
1 47448U 21006AM  24078.08854989  .00004780  00000+0  22535-3 0  9996
2 47448  97.3560 131.8695 0010110 207.8535 152.2160 15.19913158174175
1 47448U 21006AM  24078.87857223  .00005105  00000+0  24040-3 0  9992
2 47448  97.3558 132.6395 0010180 204.7533 155.3215 15.19922125174291
1 47448U 21006AM  24079.14191182  .00005788  00000+0  27207-3 0  9993
2 47448  97.3557 132.8963 0010182 203.9431 156.1332 15.19926677174333
1 47448U 21006AM  24081.11691454  .00007559  00000+0  35357-3 0  9993
2 47448  97.3554 134.8232 0011578 189.8239 170.2771 15.19981250174634
1 47448U 21006AM  24082.10438914  .00008474  00000+0  39565-3 0  9995
2 47448  97.3542 135.7823 0011068 189.6955 170.4068 15.20014090174782
1 47448U 21006AM  24082.63103473  .00008495  00000+0  39647-3 0  9996
2 47448  97.3541 136.2976 0010545 190.5520 169.5495 15.20029603174862
1 47448U 21006AM  24083.68430054  .00009711  00000+0  45215-3 0  9990
2 47448  97.3566 137.3268 0010785 185.3769 174.7352 15.20070432175023
1 47448U 21006AM  24084.40840323  .00009406  00000+0  43770-3 0  9990
2 47448  97.3536 138.0304 0010673 185.0163 175.0967 15.20100121175137
1 47448U 21006AM  24084.60588450  .00012841  00000+0  59597-3 0  9993
2 47448  97.3537 138.2233 0010709 184.4357 175.6786 15.20109128175163
