1 44415U 19022E   23084.51149417  .00038543  00000+0  84401-3 0  9993
2 44415  51.6371 190.6394 0010896 351.1026   8.9766 15.43674743203361
1 44415U 19022E   23085.28833727  .00034462  00000+0  75465-3 0  9998
2 44415  51.6370 186.8270 0010961 353.9068   6.1783 15.43728153203486
1 44415U 19022E   23085.80621857  .00030569  00000+0  67006-3 0  9991
2 44415  51.6369 184.2852 0011071 355.6769   4.4120 15.43758885203562
1 44415U 19022E   23086.45355448  .00031097  00000+0  68044-3 0  9993
2 44415  51.6371 181.1085 0011157 358.3285   1.7662 15.43800458203663
1 44415U 19022E   23086.64775191  .00030404  00000+0  66528-3 0  9991
2 44415  51.6365 180.1549 0011213 359.0243   1.0720 15.43812196203698
1 44415U 19022E   23087.48925582  .00031161  00000+0  68025-3 0  9990
2 44415  51.6361 176.0242 0011342   2.2167 357.8868 15.43866636203821
1 44415U 19022E   23087.61871545  .00031284  00000+0  68270-3 0  9992
2 44415  51.6359 175.3887 0011344   2.7437 357.3610 15.43874866203848
1 44415U 19022E   23088.52491169  .00034173  00000+0  74304-3 0  9998
2 44415  51.6357 170.9403 0011391   6.2015 353.9111 15.43936967203988
1 44415U 19022E   23089.49579502  .00036717  00000+0  79552-3 0  9999
2 44415  51.6358 166.1737 0011423   9.6389 350.4814 15.44006912204132
1 44415U 19022E   23090.20774725  .00039880  00000+0  86126-3 0  9993
2 44415  51.6362 162.6780 0011454  12.1899 347.9363 15.44063403204245
1 44415U 19022E   23091.43742594  .00030819  00000+0  66654-3 0  9995
2 44415  51.6368 156.6395 0011581  16.8558 343.2811 15.44146285204438
1 44415U 19022E   23092.53761049  .00031028  00000+0  66937-3 0  9990
2 44415  51.6361 151.2360 0011674  20.9495 339.1968 15.44216319204605
1 44415U 19022E   23092.86118486  .00026272  00000+0  56818-3 0  9999
2 44415  51.6363 149.6474 0011675  22.3095 337.8397 15.44233553204652
1 44415U 19022E   23093.50832204  .00027284  00000+0  58889-3 0  9996
2 44415  51.6358 146.4689 0011699  24.6796 335.4748 15.44271360204751
1 44415U 19022E   23093.83188429  .00029987  00000+0  64562-3 0  9992
2 44415  51.6357 144.8795 0011696  25.8059 334.3509 15.44293300204809
1 44415U 19022E   23094.34957540  .00031937  00000+0  68607-3 0  9999
2 44415  51.6356 142.3366 0011691  27.6366 332.5240 15.44326098204882
1 44415U 19022E   23094.73783669  .00029577  00000+0  63575-3 0  9997
2 44415  51.6356 140.4292 0011692  29.0456 331.1178 15.44348888204949
1 44415U 19022E   23095.12609186  .00028550  00000+0  61358-3 0  9999
2 44415  51.6357 138.5215 0011697  30.3480 329.8182 15.44372075205002
1 44415U 19022E   23095.38492562  .00029551  00000+0  63435-3 0  9995
2 44415  51.6358 137.2503 0011757  31.3026 328.8658 15.44387791205045
1 44415U 19022E   23095.83787849  .00028277  00000+0  60696-3 0  9990
2 44415  51.6358 135.0247 0011751  33.0112 327.1606 15.44413863205118
1 44415U 19022E   23096.29082375  .00026563  00000+0  57036-3 0  9993
2 44415  51.6359 132.7992 0011782  34.7684 325.4070 15.44438640205189
1 44415U 19022E   23096.35552952  .00026742  00000+0  57405-3 0  9992
2 44415  51.6358 132.4814 0011810  35.0361 325.1400 15.44442638205193
1 44415U 19022E   23096.61435146  .00025034  00000+0  53784-3 0  9995
2 44415  51.6356 131.2096 0011821  35.9135 324.2644 15.44456298205232
1 44415U 19022E   23097.45550590  .00027495  00000+0  58865-3 0  9997
2 44415  51.6350 127.0764 0011856  39.1988 320.9855 15.44504121205361
1 44415U 19022E   23098.36133654  .00025770  00000+0  55153-3 0  9997
2 44415  51.6348 122.6249 0011831  42.6567 317.5336 15.44551620205500
1 44415U 19022E   23099.07304001  .00026183  00000+0  55944-3 0  9999
2 44415  51.6349 119.1266 0011790  45.3384 314.8561 15.44591851205614
1 44415U 19022E   23099.26713787  .00027821  00000+0  59351-3 0  9991
2 44415  51.6350 118.1730 0011813  45.9146 314.2811 15.44603162205643
1 44415U 19022E   23099.59063116  .00024973  00000+0  53360-3 0  9990
2 44415  51.6351 116.5830 0011817  46.9479 313.2496 15.44619599205695
1 44415U 19022E   23100.23760629  .00028824  00000+0  61336-3 0  9998
2 44415  51.6356 113.4033 0011814  49.3957 310.8056 15.44658412205799
1 44415U 19022E   23100.75517373  .00032154  00000+0  68207-3 0  9996
2 44415  51.6363 110.8595 0011790  51.2491 308.9548 15.44694074205876
1 44415U 19022E   23101.20803623  .00026703  00000+0  56788-3 0  9997
2 44415  51.6364 108.6336 0011807  53.1628 307.0440 15.44719399205944
1 44415U 19022E   23102.17842831  .00026057  00000+0  55327-3 0  9998
2 44415  51.6362 103.8640 0011871  56.8265 303.3859 15.44778605206090
1 44415U 19022E   23102.30781117  .00026834  00000+0  56927-3 0  9992
2 44415  51.6364 103.2284 0011937  57.2361 302.9774 15.44787322206115
1 44415U 19022E   23103.27816063  .00031392  00000+0  66265-3 0  9999
2 44415  51.6362  98.4574 0011867  61.1325 299.0851 15.44849457206262
1 44415U 19022E   23104.37784181  .00036408  00000+0  76461-3 0  9998
2 44415  51.6360  93.0513 0011768  65.6339 294.5875 15.44926603206432
1 44415U 19022E   23105.54214584  .00039710  00000+0  83020-3 0  9991
2 44415  51.6360  87.3254 0011730  69.7602 290.4645 15.45019038206613
1 44415U 19022E   23105.67150850  .00039981  00000+0  83548-3 0  9995
2 44415  51.6360  86.6892 0011722  70.1546 290.0703 15.45029479206630
1 44415U 19022E   23106.31830884  .00038429  00000+0  80216-3 0  9994
2 44415  51.6361  83.5077 0011710  72.8293 287.3974 15.45080358206730
1 44415U 19022E   23107.15911721  .00038087  00000+0  79332-3 0  9994
2 44415  51.6354  79.3726 0011755  76.0528 284.1765 15.45146787206868
1 44415U 19022E   23107.35314492  .00038923  00000+0  81001-3 0  9993
2 44415  51.6353  78.4183 0011771  76.8261 283.4038 15.45162622206898
1 44415U 19022E   23108.32325566  .00038217  00000+0  79363-3 0  9999
2 44415  51.6357  73.6459 0011697  80.8893 279.3417 15.45235016207049
1 44415U 19022E   23109.29331929  .00042402  00000+0  87675-3 0  9992
2 44415  51.6365  68.8735 0011635  84.7502 275.4812 15.45313265207198
1 44415U 19022E   23110.26333432  .00035828  00000+0  74096-3 0  9999
2 44415  51.6373  64.1008 0011657  88.2737 271.9585 15.45386696207345
1 44415U 19022E   23111.55662005  .00030131  00000+0  62323-3 0  9995
2 44415  51.6372  57.7377 0011617  93.3868 266.8448 15.45471155207547
1 44415U 19022E   23111.87993069  .00032784  00000+0  67658-3 0  9999
2 44415  51.6370  56.1467 0011614  94.7387 265.4926 15.45493910207590
1 44415U 19022E   23112.20323670  .00034067  00000+0  70206-3 0  9991
2 44415  51.6364  54.5564 0011588  95.9097 264.3211 15.45515796207642
1 44415U 19022E   23113.36709971  .00031338  00000+0  64508-3 0  9997
2 44415  51.6371  48.8286 0011494 100.4898 259.7385 15.45593010207829
1 44415U 19022E   23114.01366420  .00071559  00000+0  14505-2 0  9998
2 44415  51.6375  45.6465 0011461 103.0001 257.2266 15.45666943207924
1 44415U 19022E   23115.04810422  .00041071  00000+0  83695-3 0  9991
2 44415  51.6385  40.5536 0011386 106.7549 253.4688 15.45757491208084
1 44415U 19022E   23115.37135530  .00031903  00000+0  65240-3 0  9996
2 44415  51.6388  38.9619 0011431 107.3239 252.8999 15.45777385208132
1 44415U 19022E   23116.08249597  .00026780  00000+0  54880-3 0  9999
2 44415  51.6386  35.4612 0011440 110.2813 249.9404 15.45810869208241
1 44415U 19022E   23117.11685319  .00027834  00000+0  56895-3 0  9999
2 44415  51.6382  30.3704 0011427 115.2015 245.0158 15.45863055208403
1 44415U 19022E   23117.37543642  .00027946  00000+0  57092-3 0  9993
2 44415  51.6376  29.0962 0011355 115.8911 244.3248 15.45878235208440
1 44415U 19022E   23118.34510002  .00028033  00000+0  57152-3 0  9990
2 44415  51.6376  24.3214 0011291 119.6425 240.5688 15.45937133208594
1 44415U 19022E   23119.31472676  .00026450  00000+0  53882-3 0  9999
2 44415  51.6379  19.5468 0011214 123.1421 237.0644 15.45994806208745
1 44415U 19022E   23120.09040232  .00027524  00000+0  55937-3 0  9991
2 44415  51.6378  15.7269 0011199 125.9988 234.2039 15.46040863208867
1 44415U 19022E   23120.99533012  .00024936  00000+0  50697-3 0  9995
2 44415  51.6376  11.2700 0011181 129.6293 230.5683 15.46087304209009
1 44415U 19022E   23121.83559635  .00026300  00000+0  53335-3 0  9997
2 44415  51.6377   7.1312 0011148 133.1420 227.0501 15.46129867209133
1 44415U 19022E   23121.90023127  .00026788  00000+0  54299-3 0  9997
2 44415  51.6377   6.8130 0011132 133.3396 226.8521 15.46133287209145
1 44415U 19022E   23122.22340332  .00029817  00000+0  60276-3 0  9991
2 44415  51.6381   5.2213 0011021 134.1696 226.0198 15.46154089209194
1 44415U 19022E   23122.86973588  .00027625  00000+0  55859-3 0  9992
2 44415  51.6383   2.0375 0010987 136.6556 223.5297 15.46188716209299
1 44415U 19022E   23123.19289582  .00024358  00000+0  49349-3 0  9990
2 44415  51.6382   0.4455 0010976 138.2471 221.9355 15.46205845209347
1 44415U 19022E   23123.38679035  .00024163  00000+0  48945-3 0  9992
2 44415  51.6386 359.4901 0010990 139.1306 221.0507 15.46216050209370
1 44415U 19022E   23123.90383635  .00025459  00000+0  51466-3 0  9999
2 44415  51.6380 356.9436 0010936 140.7348 219.4434 15.46244231209454
1 44415U 19022E   23124.35624319  .00024180  00000+0  48891-3 0  9994
2 44415  51.6377 354.7145 0010912 142.5418 217.6332 15.46269196209527
1 44415U 19022E   23124.87327127  .00025978  00000+0  52398-3 0  9991
2 44415  51.6372 352.1676 0010877 144.3642 215.8073 15.46297897209602
1 44415U 19022E   23125.77804755  .00026200  00000+0  52752-3 0  9991
2 44415  51.6366 347.7094 0010822 148.1068 212.0577 15.46346049209740
1 44415U 19022E   23125.90729878  .00029197  00000+0  58645-3 0  9993
2 44415  51.6365 347.0727 0010784 148.6206 211.5427 15.46355356209762
1 44415U 19022E   23125.97192430  .00029676  00000+0  59582-3 0  9991
2 44415  51.6365 346.7544 0010768 148.8975 211.2652 15.46359072209779
1 44415U 19022E   23127.00590735  .00035870  00000+0  71609-3 0  9994
2 44415  51.6365 341.6589 0010657 153.0581 207.0961 15.46429163209933
1 44415U 19022E   23127.84598480  .00034296  00000+0  68396-3 0  9991
2 44415  51.6365 337.5183 0010561 156.4059 203.7415 15.46482686210060
1 44415U 19022E   23128.29832193  .00032287  00000+0  64394-3 0  9995
2 44415  51.6369 335.2886 0010577 158.0184 202.1259 15.46510897210136
1 44415U 19022E   23128.81526901  .00032413  00000+0  64570-3 0  9997
2 44415  51.6367 332.7405 0010538 159.8615 200.2790 15.46542940210210
1 44415U 19022E   23129.26758873  .00033635  00000+0  66893-3 0  9999
2 44415  51.6367 330.5109 0010518 161.5768 198.5602 15.46572592210288
1 44415U 19022E   23130.23681656  .00034421  00000+0  68285-3 0  9993
2 44415  51.6362 325.7333 0010453 165.6787 194.4499 15.46634810210430
1 44415U 19022E   23130.81833388  .00039164  00000+0  77417-3 0  9994
2 44415  51.6361 322.8665 0010404 168.1373 191.9861 15.46676996210526
1 44415U 19022E   23131.52905616  .00031280  00000+0  61972-3 0  9997
2 44415  51.6364 319.3631 0010369 171.0299 189.0875 15.46722405210635
1 44415U 19022E   23131.85210444  .00032935  00000+0  65144-3 0  9994
2 44415  51.6366 317.7699 0010280 172.3660 187.7486 15.46744720210683
1 44415U 19022E   23131.91671365  .00033111  00000+0  65477-3 0  9990
2 44415  51.6366 317.4514 0010269 172.6183 187.4957 15.46749018210692
1 44415U 19022E   23132.49818744  .00033889  00000+0  66898-3 0  9998
2 44415  51.6368 314.5841 0010183 174.9633 185.1458 15.46789116210789
1 44415U 19022E   23132.82122229  .00037904  00000+0  74624-3 0  9999
2 44415  51.6367 312.9914 0010125 176.1704 183.9363 15.46812937210835
1 44415U 19022E   23133.20885791  .00031889  00000+0  62918-3 0  9991
2 44415  51.6365 311.0799 0010116 177.6241 182.4796 15.46835370210892
1 44415U 19022E   23133.53188271  .00029872  00000+0  58968-3 0  9995
2 44415  51.6363 309.4871 0010089 178.8678 181.2334 15.46855865210940
1 44415U 19022E   23133.85490366  .00029031  00000+0  57302-3 0  9999
2 44415  51.6360 307.8943 0010057 180.1244 179.9743 15.46874508210997
1 44415U 19022E   23134.50093270  .00027719  00000+0  54687-3 0  9999
2 44415  51.6357 304.7088 0010012 182.9075 177.1856 15.46913881211097
1 44415U 19022E   23134.56553472  .00027888  00000+0  55007-3 0  9994
2 44415  51.6357 304.3902 0010007 183.1708 176.9217 15.46917702211104
1 44415U 19022E   23134.88854244  .00030238  00000+0  59509-3 0  9994
2 44415  51.6356 302.7973 0009982 184.4641 175.6260 15.46938471211158
1 44415U 19022E   23135.46994565  .00026398  00000+0  52026-3 0  9999
2 44415  51.6357 299.9301 0009965 186.8465 173.2388 15.46971971211249
1 44415U 19022E   23135.53454525  .00026380  00000+0  51986-3 0  9999
2 44415  51.6357 299.6115 0009944 187.1326 172.9521 15.46975660211251
1 44415U 19022E   23135.72834314  .00027712  00000+0  54538-3 0  9994
2 44415  51.6357 298.6558 0009888 187.9543 172.1289 15.46987210211287
1 44415U 19022E   23136.43892324  .00028569  00000+0  56111-3 0  9998
2 44415  51.6360 295.1504 0009857 190.8099 169.2679 15.47029446211390
1 44415U 19022E   23136.89110162  .00024681  00000+0  48581-3 0  9994
2 44415  51.6359 292.9201 0009749 192.6729 167.4014 15.47050757211467
1 44415U 19022E   23137.66624839  .00022710  00000+0  44723-3 0  9996
2 44415  51.6358 289.0961 0009645 195.6390 164.4301 15.47089486211588
1 44415U 19022E   23138.11840873  .00022692  00000+0  44656-3 0  9999
2 44415  51.6359 286.8652 0009624 197.5188 162.5469 15.47111455211658
1 44415U 19022E   23138.44137670  .00021755  00000+0  42830-3 0  9990
2 44415  51.6357 285.2719 0009631 198.7173 161.3462 15.47125827211702
1 44415U 19022E   23138.76434148  .00023309  00000+0  45796-3 0  9996
2 44415  51.6357 283.6791 0009554 200.2551 159.8058 15.47141452211757
1 44415U 19022E   23139.41026133  .00023041  00000+0  45233-3 0  9999
2 44415  51.6360 280.4920 0009564 202.8579 157.1984 15.47172747211850
1 44415U 19022E   23139.79780708  .00025334  00000+0  49601-3 0  9995
2 44415  51.6362 278.5805 0009474 204.7259 155.3275 15.47192424211912
1 44415U 19022E   23140.37911433  .00034531  00000+0  67124-3 0  9991
2 44415  51.6364 275.7119 0009464 207.1293 152.9201 15.47233448212000
1 44415U 19022E   23140.76664379  .00036688  00000+0  71174-3 0  9993
2 44415  51.6364 273.8002 0009344 208.8559 151.1913 15.47262541212063
1 44415U 19022E   23141.41250912  .00030032  00000+0  58377-3 0  9997
2 44415  51.6365 270.6130 0009316 211.2698 148.7736 15.47306994212169
1 44415U 19022E   23141.92919027  .00030485  00000+0  59179-3 0  9995
2 44415  51.6361 268.0637 0009209 213.5755 146.4650 15.47338739212249
1 44415U 19022E   23142.38127747  .00034805  00000+0  67337-3 0  9991
2 44415  51.6360 265.8321 0009225 215.1864 144.8515 15.47369038212316
1 44415U 19022E   23142.70419240  .00030772  00000+0  59631-3 0  9996
2 44415  51.6359 264.2387 0009201 216.5291 143.5070 15.47384435212367
1 44415U 19022E   23142.89793920  .00029626  00000+0  57427-3 0  9993
2 44415  51.6357 263.2826 0009191 217.3263 142.7087 15.47396134212399
1 44415U 19022E   23143.54375258  .00028559  00000+0  55331-3 0  9992
2 44415  51.6355 260.0960 0009175 220.1343 139.8968 15.47430869212494
1 44415U 19022E   23146.57888385  .00021945  00000+0  42529-3 0  9995
2 44415  51.6350 245.1149 0008927 232.9092 127.1080 15.47583987212965
1 44415U 19022E   23146.64345808  .00022076  00000+0  42772-3 0  9997
2 44415  51.6349 244.7963 0008917 233.3926 126.6242 15.47586931212979
1 44415U 19022E   23147.67662914  .00021087  00000+0  40840-3 0  9996
2 44415  51.6348 239.6960 0008912 237.7889 122.2235 15.47629218213138
1 44415U 19022E   23148.25777507  .00023371  00000+0  45116-3 0  9995
2 44415  51.6350 236.8261 0008922 239.9769 120.0334 15.47656405213220
1 44415U 19022E   23148.64519999  .00026296  00000+0  50603-3 0  9993
2 44415  51.6352 234.9138 0008868 241.9243 118.0849 15.47676381213282
1 44415U 19022E   23148.96804980  .00024925  00000+0  47990-3 0  9997
2 44415  51.6353 233.3193 0008870 243.1076 116.9006 15.47692779213335
1 44415U 19022E   23149.61374035  .00021646  00000+0  41764-3 0  9993
2 44415  51.6354 230.1316 0008803 246.0549 113.9517 15.47721764213433
1 44415U 19022E   23149.80744511  .00020667  00000+0  39907-3 0  9992
2 44415  51.6353 229.1749 0008810 246.8467 113.1593 15.47730299213467
1 44415U 19022E   23150.19485143  .00019815  00000+0  38278-3 0  9992
2 44415  51.6353 227.2617 0008801 248.1299 111.8753 15.47746886213527
1 44415U 19022E   23150.45312030  .00021490  00000+0  41418-3 0  9997
2 44415  51.6353 225.9869 0008752 249.3264 110.6785 15.47758436213561
1 44415U 19022E   23150.90508614  .00021061  00000+0  40584-3 0  9999
2 44415  51.6352 223.7548 0008744 251.1230 108.8810 15.47777687213630
1 44415U 19022E   23151.42161097  .00023312  00000+0  44780-3 0  9990
2 44415  51.6350 221.2045 0008739 253.1652 106.8377 15.47802099213718
1 44415U 19022E   23151.55074093  .00025008  00000+0  47954-3 0  9993
2 44415  51.6351 220.5670 0008741 253.8839 106.1187 15.47809427213738
1 44415U 19022E   23151.74443460  .00024458  00000+0  46904-3 0  9994
2 44415  51.6349 219.6102 0008758 254.6316 105.3705 15.47819439213765
1 44415U 19022E   23152.19638209  .00026718  00000+0  51103-3 0  9999
2 44415  51.6350 217.3780 0008755 256.1713 103.8301 15.47844079213830
1 44415U 19022E   23153.42306090  .00022099  00000+0  42350-3 0  9998
2 44415  51.6348 211.3201 0008710 261.7038  98.2963 15.47905289214026
1 44415U 19022E   23154.52057675  .00020150  00000+0  38634-3 0  9998
2 44415  51.6341 205.8994 0008653 266.2482  93.7517 15.47953145214192
1 44415U 19022E   23154.84336945  .00020942  00000+0  40097-3 0  9998
2 44415  51.6341 204.3049 0008658 267.4079  92.5918 15.47966895214241
1 44415U 19022E   23155.55350423  .00021747  00000+0  41562-3 0  9996
2 44415  51.6336 200.7977 0008638 270.4143  89.5856 15.47995213214354
1 44415U 19022E   23156.32817987  .00022382  00000+0  42695-3 0  9999
2 44415  51.6335 196.9706 0008643 273.2411  86.7588 15.48030587214473
1 44415U 19022E   23157.36105131  .00023817  00000+0  45287-3 0  9999
2 44415  51.6335 191.8679 0008642 277.6690  82.3316 15.48082980214635
1 44415U 19022E   23157.49015796  .00023124  00000+0  43989-3 0  9998
2 44415  51.6334 191.2302 0008642 278.3425  81.6583 15.48088875214654
1 44415U 19022E   23158.45843996  .00021546  00000+0  40987-3 0  9997
2 44415  51.6335 186.4461 0008611 282.0636  77.9387 15.48135154214809
1 44415U 19022E   23158.78119475  .00022023  00000+0  41853-3 0  9995
2 44415  51.6334 184.8509 0008618 283.0224  76.9801 15.48149678214855
1 44415U 19022E   23159.42669503  .00024410  00000+0  46235-3 0  9990
2 44415  51.6333 181.6619 0008600 285.6182  74.3856 15.48180300214953
1 44415U 19022E   23160.07218199  .00025928  00000+0  48991-3 0  9990
2 44415  51.6335 178.4718 0008591 287.5775  72.4274 15.48213586215055
1 44415U 19022E   23160.33037331  .00023845  00000+0  45119-3 0  9991
2 44415  51.6337 177.1964 0008591 289.0382  70.9675 15.48223917215098
1 44415U 19022E   23161.29857092  .00024774  00000+0  46759-3 0  9994
2 44415  51.6339 172.4111 0008608 292.8084  67.1995 15.48272998215245
1 44415U 19022E   23161.75038662  .00023865  00000+0  45046-3 0  9997
2 44415  51.6344 170.1787 0008585 294.2749  65.7342 15.48294497215319
1 44415U 19022E   23162.58945564  .00025360  00000+0  47736-3 0  9997
2 44415  51.6342 166.0321 0008559 297.5907  62.4212 15.48336696215440
1 44415U 19022E   23162.71854107  .00025733  00000+0  48412-3 0  9990
2 44415  51.6347 165.3941 0008558 297.8411  62.1710 15.48343357215461
1 44415U 19022E   23163.55758326  .00024231  00000+0  45578-3 0  9991
2 44415  51.6343 161.2474 0008568 300.8411  59.1734 15.48385030215599
1 44415U 19022E   23164.00936587  .00027991  00000+0  52450-3 0  9992
2 44415  51.6339 159.0141 0008528 302.2297  57.7864 15.48410160215663
1 44415U 19022E   23164.39660262  .00025395  00000+0  47650-3 0  9990
2 44415  51.6337 157.1003 0008575 303.8537  56.1635 15.48427316215720
1 44415U 19022E   23165.36467148  .00025561  00000+0  47867-3 0  9991
2 44415  51.6336 152.3147 0008569 307.4498  52.5710 15.48480243215872
1 44415U 19022E   23165.55828129  .00023474  00000+0  44024-3 0  9995
2 44415  51.6336 151.3573 0008564 308.1263  51.8953 15.48489792215900
1 44415U 19022E   23166.20363953  .00022148  00000+0  41547-3 0  9991
2 44415  51.6336 148.1670 0008532 310.5825  49.4420 15.48519911216009
1 44415U 19022E   23167.23618422  .00034395  00000+0  63827-3 0  9991
2 44415  51.6336 143.0619 0008391 314.1058  45.9239 15.48582118216162
1 44415U 19022E   23168.33321270  .00027174  00000+0  50525-3 0  9993
2 44415  51.6337 137.6380 0008433 317.8588  42.1751 15.48651317216337
1 44415U 19022E   23168.46227144  .00027671  00000+0  51414-3 0  9992
2 44415  51.6339 136.9997 0008426 318.2222  41.8122 15.48660646216352
1 44415U 19022E   23169.43019445  .00027299  00000+0  50638-3 0  9996
2 44415  51.6343 132.2135 0008409 321.6488  38.3902 15.48716072216502
1 44415U 19022E   23169.62377500  .00026361  00000+0  48917-3 0  9992
2 44415  51.6344 131.2559 0008394 322.2177  37.8221 15.48725859216531
1 44415U 19022E   23169.88187995  .00026398  00000+0  48958-3 0  9992
2 44415  51.6345 129.9793 0008373 323.0843  36.9568 15.48741285216571
1 44415U 19022E   23170.26903316  .00027487  00000+0  50895-3 0  9992
2 44415  51.6347 128.0654 0008414 324.6980  35.3451 15.48763692216631
1 44415U 19022E   23171.23689122  .00029445  00000+0  54340-3 0  9991
2 44415  51.6346 123.2790 0008381 327.9177  32.1300 15.48821229216780
1 44415U 19022E   23171.88210961  .00030723  00000+0  56577-3 0  9998
2 44415  51.6348 120.0871 0008283 329.6589  30.3918 15.48861281216882
1 44415U 19022E   23172.26923284  .00031975  00000+0  58788-3 0  9996
2 44415  51.6352 118.1732 0008376 331.0612  28.9911 15.48885521216944
1 44415U 19022E   23173.55959921  .00032737  00000+0  59990-3 0  9999
2 44415  51.6357 111.7899 0008360 335.1747  24.8838 15.48967883217147
1 44415U 19022E   23174.72086944  .00032344  00000+0  59127-3 0  9991
2 44415  51.6353 106.0446 0008295 339.5990  20.4666 15.49043988217326
1 44415U 19022E   23175.81757035  .00034686  00000+0  63163-3 0  9994
2 44415  51.6346 100.6179 0008175 343.2386  16.8331 15.49120046217496
1 44415U 19022E   23176.97872396  .00033897  00000+0  61576-3 0  9999
2 44415  51.6349  94.8724 0008165 346.9288  13.1488 15.49201571217675
1 44415U 19022E   23178.33332846  .00028717  00000+0  52169-3 0  9995
2 44415  51.6352  88.1682 0008179 351.7063   8.3789 15.49287089217889
1 44415U 19022E   23179.68786420  .00027373  00000+0  49644-3 0  9996
2 44415  51.6352  81.4645 0008145 356.1431   3.9494 15.49362043218097
1 44415U 19022E   23180.71984768  .00027847  00000+0  50386-3 0  9998
2 44415  51.6358  76.3554 0008040 359.2812   0.8164 15.49419191218251
1 44415U 19022E   23182.07426661  .00023532  00000+0  42618-3 0  9998
2 44415  51.6362  69.6510 0008126   3.8381 356.2669 15.49492838218461
1 44415U 19022E   23183.23515063  .00021414  00000+0  38794-3 0  9999
2 44415  51.6359  63.9034 0008093   7.5348 352.5761 15.49545658218643
1 44415U 19022E   23184.65395356  .00024036  00000+0  43323-3 0  9994
2 44415  51.6360  56.8781 0008059  12.0512 348.0668 15.49616262218861
1 44415U 19022E   23186.00820348  .00025920  00000+0  46529-3 0  9993
2 44415  51.6360  50.1721 0008141  16.4790 343.6462 15.49686067219077
1 44415U 19022E   23187.62033222  .00026020  00000+0  46584-3 0  9992
2 44415  51.6358  42.1869 0008025  21.9016 338.2315 15.49760986219329
1 44415U 19022E   23188.84549096  .00031717  00000+0  56420-3 0  9997
2 44415  51.6361  36.1185 0008059  25.4631 334.6753 15.49834018219511
1 44415U 19022E   23190.13507000  .00024601  00000+0  43873-3 0  9993
2 44415  51.6362  29.7304 0008089  29.3578 330.7864 15.49904262219710
1 44415U 19022E   23191.23117037  .00024763  00000+0  44074-3 0  9995
2 44415  51.6361  24.3001 0008051  32.8950 327.2539 15.49956812219882
1 44415U 19022E   23192.90748091  .00028366  00000+0  50183-3 0  9991
2 44415  51.6363  15.9950 0008121  37.6662 322.4894 15.50049540220149
1 44415U 19022E   23194.71261682  .00029370  00000+0  51724-3 0  9996
2 44415  51.6358   7.0499 0008121  42.9954 317.1668 15.50158854220426
1 44415U 19022E   23195.74406662  .00035267  00000+0  61758-3 0  9999
2 44415  51.6358   1.9378 0008085  45.9688 314.1966 15.50225379220583
1 44415U 19022E   23197.42007220  .00027267  00000+0  47793-3 0  9997
2 44415  51.6361 353.6292 0008124  50.9988 309.1723 15.50334450220847
1 44415U 19022E   23198.45140492  .00034304  00000+0  59727-3 0  9990
2 44415  51.6360 348.5163 0008131  54.1028 306.0714 15.50401877221008
1 44415U 19022E   23199.41823486  .00039674  00000+0  68724-3 0  9990
2 44415  51.6360 343.7231 0008094  56.8034 303.3730 15.50476552221151
1 44415U 19022E   23200.51392207  .00029769  00000+0  51700-3 0  9996
2 44415  51.6365 338.2901 0008102  59.4196 300.7591 15.50547590221323
1 44415U 19022E   23201.73845716  .00031555  00000+0  54596-3 0  9991
2 44415  51.6363 332.2190 0008173  62.8897 297.2925 15.50621721221510
1 44415U 19022E   23202.83404185  .00033655  00000+0  58015-3 0  9997
2 44415  51.6359 326.7849 0008137  66.4641 293.7202 15.50693723221689
1 44415U 19022E   23205.60499258  .00030166  00000+0  51765-3 0  9999
2 44415  51.6354 313.0395 0008182  74.1693 286.0198 15.50878398222113
1 44415U 19022E   23206.57152754  .00030921  00000+0  52921-3 0  9997
2 44415  51.6350 308.2444 0008156  77.0632 283.1268 15.50939176222260
1 44415U 19022E   23207.28029546  .00037134  00000+0  63234-3 0  9990
2 44415  51.6351 304.7273 0008132  79.1109 281.0795 15.50990272222376
1 44415U 19022E   23208.31118651  .00033320  00000+0  56691-3 0  9993
2 44415  51.6354 299.6113 0008166  81.9014 278.2901 15.51066793222535
1 44415U 19022E   23208.82661410  .00029893  00000+0  50904-3 0  9996
2 44415  51.6354 297.0534 0008195  83.2359 276.9563 15.51099094222611
1 44415U 19022E   23208.95546925  .00030029  00000+0  51118-3 0  9994
2 44415  51.6354 296.4138 0008185  83.7373 276.4548 15.51107095222635
1 44415U 19022E   23209.79301307  .00027081  00000+0  46116-3 0  9996
2 44415  51.6352 292.2570 0008171  86.5448 273.6476 15.51154593222764
1 44415U 19022E   23210.75937533  .00032059  00000+0  54292-3 0  9995
2 44415  51.6355 287.4607 0008132  89.5370 270.6551 15.51218072222919
1 44415U 19022E   23212.43430854  .00032303  00000+0  54482-3 0  9999
2 44415  51.6351 279.1464 0008170  94.6108 265.5815 15.51329098223178
1 44415U 19022E   23213.52939300  .00031055  00000+0  52286-3 0  9993
2 44415  51.6338 273.7095 0008141  97.9952 262.1962 15.51398611223346
1 44415U 19022E   23215.13971981  .00037568  00000+0  62785-3 0  9993
2 44415  51.6333 265.7128 0008091 103.5384 256.6507 15.51511511223592
1 44415U 19022E   23216.10586205  .00029666  00000+0  49691-3 0  9993
2 44415  51.6328 260.9141 0008093 106.6348 253.5530 15.51568331223745
1 44415U 19022E   23217.13637426  .00033416  00000+0  55721-3 0  9998
2 44415  51.6322 255.7954 0008148 110.2988 249.8878 15.51631726223905
1 44415U 19022E   23218.10243167  .00039990  00000+0  66280-3 0  9996
2 44415  51.6326 250.9967 0008103 113.8155 246.3685 15.51714323224056
1 44415U 19022E   23218.36004028  .00028228  00000+0  47070-3 0  9993
2 44415  51.6327 249.7169 0008097 114.5229 245.6605 15.51721987224091
1 44415U 19022E   23220.09882965  .00031781  00000+0  52669-3 0  9998
2 44415  51.6331 241.0787 0008086 119.8708 240.3086 15.51830193224360
1 44415U 19022E   23221.32234765  .00032378  00000+0  53488-3 0  9997
2 44415  51.6329 234.9994 0008064 124.4599 235.7153 15.51909846224550
1 44415U 19022E   23222.73897314  .00031216  00000+0  51431-3 0  9994
2 44415  51.6326 227.9594 0008064 129.3310 230.8395 15.52003315224775
1 44415U 19022E   23224.02674167  .00030069  00000+0  49433-3 0  9991
2 44415  51.6315 221.5589 0008107 134.0963 226.0695 15.52084707224978
1 44415U 19022E   23225.12129128  .00032127  00000+0  52615-3 0  9998
2 44415  51.6323 216.1183 0008098 138.4691 221.6915 15.52156458225141
1 44415U 19022E   23226.40893275  .00030936  00000+0  50552-3 0  9995
2 44415  51.6324 209.7172 0008121 143.1400 217.0149 15.52238191225341
1 44415U 19022E   23227.95401454  .00033133  00000+0  53882-3 0  9991
2 44415  51.6324 202.0349 0008164 149.1918 210.9552 15.52336684225582
1 44415U 19022E   23229.43461840  .00038598  00000+0  62352-3 0  9993
2 44415  51.6333 194.6720 0008196 155.2139 204.9246 15.52447487225812
1 44415U 19022E   23230.59327632  .00038364  00000+0  61783-3 0  9990
2 44415  51.6338 188.9096 0008240 159.5550 200.5772 15.52535560225998
1 44415U 19022E   23232.07369055  .00036208  00000+0  58143-3 0  9991
2 44415  51.6337 181.5463 0008319 165.6825 194.4403 15.52642648226229
1 44415U 19022E   23233.10348207  .00035804  00000+0  57348-3 0  9999
2 44415  51.6338 176.4232 0008318 169.6264 190.4899 15.52719012226389
1 44415U 19022E   23234.19758102  .00034418  00000+0  55011-3 0  9993
2 44415  51.6335 170.9796 0008347 173.6455 186.4642 15.52797253226552
1 44415U 19022E   23235.22727096  .00035658  00000+0  56805-3 0  9995
2 44415  51.6332 165.8560 0008403 177.9844 182.1181 15.52871073226715
1 44415U 19022E   23236.19256070  .00035423  00000+0  56296-3 0  9995
2 44415  51.6331 161.0524 0008431 182.0418 178.0539 15.52940391226864
1 44415U 19022E   23237.28650434  .00035051  00000+0  55559-3 0  9996
2 44415  51.6329 155.6079 0008454 186.2987 173.7898 15.53017973227039
1 44415U 19022E   23238.18735881  .00036250  00000+0  57295-3 0  9997
2 44415  51.6328 151.1241 0008461 189.8703 170.2122 15.53081310227176
1 44415U 19022E   23238.95948981  .00036668  00000+0  57826-3 0  9992
2 44415  51.6333 147.2803 0008493 193.1911 166.8858 15.53137142227291
1 44415U 19022E   23239.28120286  .00038380  00000+0  60424-3 0  9990
2 44415  51.6337 145.6787 0008443 194.4025 165.6726 15.53162824227345
1 44415U 19022E   23239.73159200  .00038553  00000+0  60615-3 0  9992
2 44415  51.6341 143.4364 0008440 196.0993 163.9730 15.53197891227412
1 44415U 19022E   23240.11763294  .00035144  00000+0  55296-3 0  9992
2 44415  51.6345 141.5144 0008415 197.5258 162.5443 15.53222619227472
1 44415U 19022E   23240.88969240  .00035277  00000+0  55385-3 0  9991
2 44415  51.6345 137.6705 0008447 200.6192 159.4459 15.53279828227598
1 44415U 19022E   23241.27571206  .00032584  00000+0  51184-3 0  9997
2 44415  51.6345 135.7486 0008443 202.2334 157.8291 15.53306005227656
1 44415U 19022E   23241.40438380  .00033316  00000+0  52294-3 0  9994
2 44415  51.6346 135.1082 0008415 202.7196 157.3423 15.53315598227674
1 44415U 19022E   23242.11206558  .00034910  00000+0  54653-3 0  9995
2 44415  51.6344 131.5844 0008477 205.6692 154.3878 15.53364018227783
1 44415U 19022E   23243.07705003  .00035237  00000+0  55020-3 0  9992
2 44415  51.6343 126.7783 0008522 209.9053 150.1452 15.53431360227933
1 44415U 19022E   23243.27004224  .00032752  00000+0  51188-3 0  9991
2 44415  51.6342 125.8174 0008475 210.7754 149.2741 15.53442967227969
1 44415U 19022E   23244.17065097  .00033992  00000+0  52973-3 0  9996
2 44415  51.6335 121.3318 0008493 214.1845 145.8600 15.53503246228102
1 44415U 19022E   23244.55661513  .00036133  00000+0  56191-3 0  9999
2 44415  51.6330 119.4093 0008555 215.8500 144.1917 15.53530658228166
1 44415U 19022E   23244.87824647  .00036947  00000+0  57385-3 0  9992
2 44415  51.6331 117.8068 0008635 217.0897 142.9498 15.53553725228219
1 44415U 19022E   23245.45717074  .00037073  00000+0  57487-3 0  9996
2 44415  51.6328 114.9228 0008680 219.4032 140.6327 15.53597112228302
1 44415U 19022E   23245.52149487  .00035606  00000+0  55244-3 0  9990
2 44415  51.6328 114.6024 0008689 219.6787 140.3568 15.53600384228312
1 44415U 19022E   23245.84311073  .00059784  00000+0  91834-3 0  9995
2 44415  51.6329 112.9999 0008672 221.0406 138.9933 15.53643867228369
1 44415U 19022E   23245.90743289  .00061500  00000+0  94404-3 0  9995
2 44415  51.6329 112.6794 0008647 221.3780 138.6556 15.53651390228378
1 44415U 19022E   23246.10039905  .00040520  00000+0  62610-3 0  9994
2 44415  51.6331 111.7174 0008662 222.1343 137.8982 15.53652543228403
1 44415U 19022E   23246.55064505  .00041868  00000+0  64563-3 0  9992
2 44415  51.6330 109.4745 0008645 224.1117 135.9185 15.53692962228472
1 44415U 19022E   23247.12951810  .00035758  00000+0  55209-3 0  9998
2 44415  51.6330 106.5899 0008638 226.5418 133.4855 15.53733626228562
1 44415U 19022E   23247.51542540  .00031975  00000+0  49428-3 0  9990
2 44415  51.6330 104.6669 0008642 228.1743 131.8510 15.53757171228628
1 44415U 19022E   23248.02995945  .00031754  00000+0  49035-3 0  9997
2 44415  51.6329 102.1029 0008674 230.2366 129.7861 15.53789071228707
1 44415U 19022E   23249.57349395  .00033990  00000+0  52221-3 0  9995
2 44415  51.6335  94.4102 0008755 236.9051 123.1099 15.53894468228947
1 44415U 19022E   23250.60245683  .00036884  00000+0  56430-3 0  9997
2 44415  51.6336  89.2816 0008741 241.3973 118.6139 15.53969646229104
1 44415U 19022E   23250.92399765  .00041928  00000+0  63945-3 0  9997
2 44415  51.6333  87.6790 0008761 242.8536 117.1561 15.53995881229155
1 44415U 19022E   23251.75998186  .00036206  00000+0  55245-3 0  9998
2 44415  51.6337  83.5121 0008796 246.5089 113.4978 15.54051164229287
1 44415U 19022E   23252.53162971  .00040234  00000+0  61140-3 0  9997
2 44415  51.6342  79.6656 0008877 250.0012 110.0023 15.54113143229402
1 44415U 19022E   23252.78883893  .00041222  00000+0  62569-3 0  9991
2 44415  51.6347  78.3837 0008880 251.3475 108.6552 15.54133708229448
1 44415U 19022E   23253.56044491  .00037425  00000+0  56774-3 0  9992
2 44415  51.6340  74.5358 0008848 254.7363 105.2650 15.54195068229566
1 44415U 19022E   23254.07483260  .00039134  00000+0  59232-3 0  9991
2 44415  51.6338  71.9709 0008859 257.0938 102.9063 15.54236001229644
1 44415U 19022E   23254.52491067  .00041612  00000+0  62832-3 0  9999
2 44415  51.6336  69.7263 0008869 258.8621 101.1373 15.54273246229716
1 44415U 19022E   23255.48932648  .00043350  00000+0  65212-3 0  9996
2 44415  51.6334  64.9163 0008936 263.0782  96.9193 15.54356195229863
1 44415U 19022E   23255.68220318  .00044893  00000+0  67451-3 0  9992
2 44415  51.6335  63.9543 0008946 264.0239  95.9732 15.54373817229895
1 44415U 19022E   23255.74649457  .00055920  00000+0  83681-3 0  9994
2 44415  51.6335  63.6336 0008948 264.3554  95.6416 15.54388639229903
1 44415U 19022E   23256.45368087  .00061324  00000+0  91357-3 0  9994
2 44415  51.6336  60.1059 0008959 267.4973  92.4992 15.54472325230013
1 44415U 19022E   23256.71083057  .00054304  00000+0  80982-3 0  9996
2 44415  51.6337  58.8231 0008962 268.7723  91.2241 15.54496094230058
1 44415U 19022E   23257.41797062  .00048248  00000+0  71905-3 0  9997
2 44415  51.6337  55.2953 0008997 271.8820  88.1140 15.54563952230164
1 44415U 19022E   23257.48225504  .00045920  00000+0  68483-3 0  9992
2 44415  51.6337  54.9745 0008984 272.2149  87.7813 15.54567413230173
1 44415U 19022E   23257.73938890  .00047026  00000+0  70044-3 0  9994
2 44415  51.6339  53.6917 0009020 273.4334  86.5625 15.54590803230215
1 44415U 19022E   23258.44648750  .00049547  00000+0  73558-3 0  9999
2 44415  51.6339  50.1637 0009094 276.6268  83.3687 15.54656884230325
1 44415U 19022E   23258.63932770  .00042787  00000+0  63646-3 0  9994
2 44415  51.6339  49.2014 0009117 277.4143  82.5812 15.54668048230359
1 44415U 19022E   23259.41066653  .00046649  00000+0  69106-3 0  9997
2 44415  51.6341  45.3520 0009197 281.3290  78.6667 15.54741167230477
1 44415U 19022E   23259.66777218  .00040274  00000+0  59772-3 0  9996
2 44415  51.6342  44.0690 0009202 282.3670  77.6291 15.54757798230516
1 44415U 19022E   23260.56761162  .00058637  00000+0  86202-3 0  9998
2 44415  51.6343  39.5782 0009231 286.7859  73.2118 15.54851772230659
1 44415U 19022E   23261.53166982  .00053072  00000+0  77885-3 0  9990
2 44415  51.6351  34.7673 0009310 290.9947  69.0047 15.54941080230800
1 44415U 19022E   23261.59593831  .00053479  00000+0  78454-3 0  9997
2 44415  51.6351  34.4465 0009318 291.2911  68.7084 15.54947388230814
1 44415U 19022E   23261.91727503  .00060084  00000+0  87849-3 0  9996
2 44415  51.6356  32.8430 0009365 292.7790  67.2211 15.54988854230860
1 44415U 19022E   23262.36713102  .00059804  00000+0  87257-3 0  9997
2 44415  51.6357  30.5970 0009405 294.8210  65.1803 15.55047109230932
1 44415U 19022E   23262.62418284  .00060572  00000+0  88221-3 0  9995
2 44415  51.6353  29.3134 0009394 296.0882  63.9142 15.55090452230977
1 44415U 19022E   23263.58808410  .00052170  00000+0  75866-3 0  9991
2 44415  51.6352  24.5007 0009328 299.8026  60.2037 15.55197163231128
1 44415U 19022E   23263.90937049  .00048077  00000+0  69923-3 0  9996
2 44415  51.6348  22.8963 0009359 301.3336  58.6739 15.55228504231171
1 44415U 19022E   23264.55192330  .00049028  00000+0  71116-3 0  9998
2 44415  51.6346  19.6873 0009429 304.1826  55.8270 15.55291782231274
1 44415U 19022E   23264.74468421  .00049163  00000+0  71261-3 0  9997
2 44415  51.6345  18.7244 0009416 304.7496  55.2608 15.55310480231300
1 44415U 19022E   23264.93744281  .00050942  00000+0  73747-3 0  9997
2 44415  51.6347  17.7621 0009430 305.7350  54.2763 15.55329022231332
1 44415U 19022E   23265.32295224  .00049931  00000+0  72196-3 0  9992
2 44415  51.6347  15.8368 0009528 307.7567  52.2560 15.55369678231399
1 44415U 19022E   23266.02969314  .00057269  00000+0  82394-3 0  9992
2 44415  51.6348  12.3064 0009589 311.1357  48.8806 15.55445705231501
1 44415U 19022E   23266.54366422  .00049894  00000+0  71789-3 0  9991
2 44415  51.6349   9.7380 0009598 313.3375  46.6816 15.55502664231580
1 44415U 19022E   23267.44306893  .00048036  00000+0  68906-3 0  9991
2 44415  51.6345   5.2443 0009648 316.9946  43.0290 15.55601126231722
1 44415U 19022E   23267.57155045  .00052984  00000+0  75841-3 0  9999
2 44415  51.6345   4.6022 0009649 317.3381  42.6860 15.55617188231742
1 44415U 19022E   23267.82851040  .00051167  00000+0  73202-3 0  9996
2 44415  51.6345   3.3184 0009669 318.5064  41.5193 15.55645728231782
1 44415U 19022E   23268.27817784  .00095625  00000+0  13510-2 0  9995
2 44415  51.6345   1.0717 0009786 320.6721  39.3559 15.55714318231854
1 44415U 19022E   23268.53512205  .00065392  00000+0  92864-3 0  9992
2 44415  51.6348 359.7872 0009780 321.5292  38.5002 15.55740842231898
1 44415U 19022E   23269.49861326  .00065832  00000+0  93031-3 0  9995
2 44415  51.6350 354.9715 0009876 326.0034  34.0324 15.55870110232042
1 44415U 19022E   23269.81975933  .00068429  00000+0  96478-3 0  9994
2 44415  51.6350 353.3665 0009850 327.5858  32.4527 15.55916370232092
1 44415U 19022E   23270.52625186  .00053219  00000+0  75111-3 0  9998
2 44415  51.6346 349.8346 0009914 330.5700  29.4732 15.55994409232200
1 44415U 19022E   23271.61803575  .00051434  00000+0  72321-3 0  9996
2 44415  51.6346 344.3758 0009949 334.8479  25.2026 15.56109601232376
1 44415U 19022E   23271.74647569  .00051853  00000+0  72868-3 0  9990
2 44415  51.6347 343.7335 0009867 335.3453  24.7065 15.56122936232393
1 44415U 19022E   23271.81069528  .00048605  00000+0  68360-3 0  9994
2 44415  51.6345 343.4126 0009945 335.7174  24.3347 15.56127727232401
1 44415U 19022E   23272.45287595  .00048016  00000+0  67377-3 0  9994
2 44415  51.6344 340.2010 0010028 338.5132  21.5437 15.56194435232506
1 44415U 19022E   23273.22345234  .00050138  00000+0  70062-3 0  9998
2 44415  51.6337 336.3475 0010110 341.9528  18.1103 15.56287118232624
1 44415U 19022E   23273.48030174  .00050038  00000+0  69857-3 0  9999
2 44415  51.6335 335.0622 0010067 342.8803  17.1848 15.56313521232666
1 44415U 19022E   23274.37923509  .00063490  00000+0  87930-3 0  9999
2 44415  51.6334 330.5651 0010147 346.6430  13.4291 15.56427082232809
1 44415U 19022E   23274.57185549  .00057778  00000+0  80082-3 0  9998
2 44415  51.6333 329.6011 0010085 347.3609  12.7128 15.56446702232838
1 44415U 19022E   23275.40650853  .00057539  00000+0  79449-3 0  9996
2 44415  51.6337 325.4250 0010143 351.0348   9.0461 15.56550020232960
1 44415U 19022E   23275.85591497  .00060956  00000+0  83919-3 0  9997
2 44415  51.6334 323.1765 0010202 353.1767   6.9084 15.56604395233038
1 44415U 19022E   23276.43370003  .00053091  00000+0  73071-3 0  9990
2 44415  51.6331 320.2843 0010167 355.3634   4.7262 15.56671152233126
1 44415U 19022E   23277.39661865  .00064055  00000+0  87501-3 0  9990
2 44415  51.6331 315.4650 0010182 359.2547   0.8428 15.56793604233275
1 44415U 19022E   23278.35945656  .00072511  00000+0  98352-3 0  9992
2 44415  51.6333 310.6446 0010217   3.3310 356.7748 15.56931324233429
1 44415U 19022E   23278.80875221  .00072891  00000+0  98632-3 0  9994
2 44415  51.6329 308.3954 0010257   5.4455 354.6647 15.56992408233491
1 44415U 19022E   23279.38639094  .00063002  00000+0  85201-3 0  9996
2 44415  51.6324 305.5021 0010215   7.6500 352.4646 15.57070195233585
1 44415U 19022E   23279.57893133  .00066145  00000+0  89296-3 0  9992
2 44415  51.6323 304.5379 0010176   8.5840 351.5324 15.57096877233614
1 44415U 19022E   23279.77146857  .00069127  00000+0  93178-3 0  9995
2 44415  51.6321 303.5743 0010223   9.2892 350.8287 15.57119126233640
1 44415U 19022E   23280.28488490  .00065134  00000+0  87651-3 0  9998
2 44415  51.6323 301.0022 0010157  11.2608 348.8609 15.57189152233729
1 44415U 19022E   23280.60575890  .00065381  00000+0  87838-3 0  9996
2 44415  51.6323 299.3950 0010115  12.7176 347.4069 15.57232476233776
1 44415U 19022E   23281.43998885  .00070720  00000+0  94485-3 0  9990
2 44415  51.6323 295.2154 0010112  16.3426 343.7890 15.57347899233904
1 44415U 19022E   23281.76082938  .00074039  00000+0  98672-3 0  9998
2 44415  51.6323 293.6088 0010174  17.6938 342.4406 15.57395002233955
1 44415U 19022E   23282.27415406  .00069140  00000+0  91988-3 0  9995
2 44415  51.6318 291.0364 0010143  19.8266 340.3118 15.57469287234036
1 44415U 19022E   23283.42904574  .00073197  00000+0  96680-3 0  9993
2 44415  51.6315 285.2488 0010023  24.8306 335.3167 15.57640848234215
1 44415U 19022E   23284.58380964  .00069502  00000+0  91304-3 0  9995
2 44415  51.6318 279.4601 0010051  30.1282 330.0286 15.57807186234397
1 44415U 19022E   23285.35358405  .00067537  00000+0  88405-3 0  9990
2 44415  51.6312 275.6002 0009976  33.5506 326.6116 15.57915845234513
1 44415U 19022E   23285.67430778  .00072677  00000+0  94860-3 0  9992
2 44415  51.6310 273.9927 0010002  34.7217 325.4426 15.57960887234564
1 44415U 19022E   23286.18744597  .00069267  00000+0  90232-3 0  9996
2 44415  51.6311 271.4187 0009927  36.9601 323.2074 15.58034519234640
1 44415U 19022E   23286.95710541  .00088773  00000+0  11463-2 0  9994
2 44415  51.6314 267.5587 0009910  40.0004 320.1717 15.58161672234762
1 44415U 19022E   23287.21364507  .00075438  00000+0  97543-3 0  9999
2 44415  51.6316 266.2710 0009887  41.1175 319.0560 15.58196723234805
1 44415U 19022E   23287.53431041  .00073109  00000+0  94405-3 0  9999
2 44415  51.6316 264.6621 0009881  42.5502 317.6255 15.58245569234854
1 44415U 19022E   23287.66257399  .00074195  00000+0  95724-3 0  9996
2 44415  51.6316 264.0190 0009912  42.9357 317.2408 15.58262100234874
1 44415U 19022E   23288.30386954  .00067026  00000+0  86339-3 0  9995
2 44415  51.6315 260.8007 0009799  45.8480 314.3317 15.58348156234970
1 44415U 19022E   23289.32987155  .00070335  00000+0  90075-3 0  9997
2 44415  51.6321 255.6520 0009644  50.4798 309.7046 15.58484210235130
1 44415U 19022E   23289.52223738  .00065301  00000+0  83658-3 0  9995
2 44415  51.6322 254.6868 0009653  51.2872 308.8982 15.58505882235168
1 44415U 19022E   23289.90695938  .00069515  00000+0  88794-3 0  9999
2 44415  51.6322 252.7564 0009690  52.5274 307.6598 15.58557678235228
1 44415U 19022E   23290.48401874  .00064621  00000+0  82405-3 0  9994
2 44415  51.6323 249.8597 0009733  55.1927 304.9980 15.58632249235317
1 44415U 19022E   23291.12516401  .00069316  00000+0  88026-3 0  9990
2 44415  51.6318 246.6413 0009676  58.0077 302.1854 15.58713147235415
1 44415U 19022E   23291.57394630  .00066440  00000+0  84262-3 0  9990
2 44415  51.6316 244.3889 0009693  59.8060 300.3892 15.58765912235481
1 44415U 19022E   23292.08681896  .00078001  00000+0  98389-3 0  9991
2 44415  51.6316 241.8135 0009618  61.9234 298.2729 15.58842662235562
1 44415U 19022E   23292.85607890  .00078480  00000+0  98531-3 0  9998
2 44415  51.6317 237.9511 0009599  64.8302 295.3685 15.58963892235684
1 44415U 19022E   23293.11248550  .00067788  00000+0  85186-3 0  9993
2 44415  51.6319 236.6626 0009592  66.0260 294.1736 15.59001568235722
1 44415U 19022E   23293.30478684  .00066006  00000+0  82897-3 0  9995
2 44415  51.6319 235.6967 0009600  67.2312 292.9694 15.59028531235751
1 44415U 19022E   23293.88167142  .00068305  00000+0  85488-3 0  9995
2 44415  51.6313 232.8001 0009587  69.1877 291.0142 15.59105598235841
1 44415U 19022E   23294.20214949  .00078677  00000+0  98064-3 0  9997
2 44415  51.6312 231.1897 0009542  71.1309 289.0717 15.59155133235899
1 44415U 19022E   23294.52261654  .00063529  00000+0  79310-3 0  9990
2 44415  51.6310 229.5804 0009525  72.2796 287.9235 15.59203585235942
1 44415U 19022E   23295.35578418  .00053377  00000+0  66514-3 0  9993
2 44415  51.6310 225.3937 0009391  76.1286 284.0751 15.59327085236079
1 44415U 19022E   23296.06072425  .00068608  00000+0  84842-3 0  9996
2 44415  51.6308 221.8512 0009320  78.8503 281.3537 15.59423575236184
1 44415U 19022E   23296.31705582  .00062407  00000+0  77195-3 0  9995
2 44415  51.6307 220.5629 0009318  80.2070 279.9975 15.59455928236222
1 44415U 19022E   23297.15010065  .00064511  00000+0  79477-3 0  9996
2 44415  51.6312 216.3751 0009178  83.6166 276.5871 15.59549540236350
1 44415U 19022E   23298.17531959  .00054570  00000+0  67130-3 0  9996
2 44415  51.6311 211.2216 0009133  87.6801 272.5237 15.59659679236515
1 44415U 19022E   23298.94418383  .00056526  00000+0  69267-3 0  9992
2 44415  51.6320 207.3555 0009078  90.8965 269.3068 15.59747514236637
1 44415U 19022E   23299.13639290  .00063266  00000+0  77313-3 0  9996
2 44415  51.6318 206.3888 0009044  92.1250 268.0778 15.59772507236664
1 44415U 19022E   23299.90519901  .00066260  00000+0  80603-3 0  9990
2 44415  51.6313 202.5234 0008934  95.1654 265.0359 15.59874325236786
1 44415U 19022E   23300.03332813  .00067575  00000+0  82113-3 0  9990
2 44415  51.6311 201.8791 0008944  95.2533 264.9481 15.59894541236801
1 44415U 19022E   23300.93018897  .00066518  00000+0  80459-3 0  9999
2 44415  51.6310 197.3687 0008843  99.3399 260.8594 15.60022454236949
1 44415U 19022E   23301.44264893  .00062113  00000+0  75021-3 0  9991
2 44415  51.6314 194.7916 0008938 101.2335 258.9663 15.60088664237027
1 44415U 19022E   23301.89103152  .00077399  00000+0  92895-3 0  9990
2 44415  51.6312 192.5355 0008884 103.1095 257.0890 15.60162245237099
1 44415U 19022E   23302.21129279  .00081517  00000+0  97563-3 0  9999
2 44415  51.6308 190.9239 0008945 104.6970 255.5015 15.60212993237147
1 44415U 19022E   23302.40344466  .00079660  00000+0  95283-3 0  9990
2 44415  51.6308 189.9578 0008913 105.0493 255.1487 15.60238762237175
1 44415U 19022E   23302.72368963  .00074862  00000+0  89471-3 0  9994
2 44415  51.6304 188.3463 0008853 106.3038 253.8929 15.60287272237221
1 44415U 19022E   23303.04392411  .00074918  00000+0  89369-3 0  9993
2 44415  51.6303 186.7342 0008836 108.1208 252.0748 15.60336318237279
1 44415U 19022E   23303.87649073  .00071768  00000+0  85296-3 0  9998
2 44415  51.6302 182.5440 0008706 111.3208 248.8715 15.60452415237402
1 44415U 19022E   23304.19669243  .00065657  00000+0  78019-3 0  9990
2 44415  51.6303 180.9321 0008689 112.9064 247.2847 15.60494642237452
1 44415U 19022E   23304.38880931  .00067324  00000+0  79895-3 0  9996
2 44415  51.6301 179.9656 0008646 113.2073 246.9832 15.60518616237487
1 44415U 19022E   23304.90110590  .00063851  00000+0  75643-3 0  9999
2 44415  51.6302 177.3862 0008573 115.5078 244.6803 15.60586458237569
1 44415U 19022E   23305.34934757  .00066130  00000+0  78130-3 0  9994
2 44415  51.6297 175.1300 0008541 117.2405 242.9459 15.60643100237637
1 44415U 19022E   23305.92563280  .00065889  00000+0  77617-3 0  9996
2 44415  51.6298 172.2277 0008469 119.9084 240.2751 15.60721920237723
1 44415U 19022E   23306.11772171  .00063656  00000+0  74953-3 0  9999
2 44415  51.6297 171.2603 0008468 120.8640 239.3187 15.60748246237757
1 44415U 19022E   23306.82201856  .00062621  00000+0  73478-3 0  9996
2 44415  51.6300 167.7135 0008339 123.2284 236.9510 15.60846804237864
1 44415U 19022E   23306.88604335  .00063448  00000+0  74410-3 0  9996
2 44415  51.6300 167.3910 0008328 123.5863 236.5926 15.60854988237875
1 44415U 19022E   23307.07811582  .00063199  00000+0  74047-3 0  9991
2 44415  51.6301 166.4234 0008356 124.3106 235.8680 15.60881575237900
1 44415U 19022E   23307.84637153  .00062929  00000+0  73439-3 0  9990
2 44415  51.6298 162.5540 0008234 127.2203 232.9543 15.60987332238025
1 44415U 19022E   23308.29449696  .00068851  00000+0  80048-3 0  9997
2 44415  51.6297 160.2971 0008170 128.8912 231.2811 15.61048676238097
1 44415U 19022E   23308.80661854  .00085524  00000+0  98787-3 0  9991
2 44415  51.6297 157.7165 0008063 131.1841 228.9849 15.61127023238179
1 44415U 19022E   23309.06266966  .00084490  00000+0  97459-3 0  9991
2 44415  51.6300 156.4263 0008072 132.3208 227.8470 15.61167750238213
1 44415U 19022E   23309.83077422  .00074497  00000+0  85618-3 0  9993
2 44415  51.6302 152.5558 0007902 134.7110 225.4528 15.61317775238333
1 44415U 19022E   23310.27879334  .00123128  00000+0  13960-2 0  9991
2 44415  51.6300 150.2984 0007902 136.9207 223.2406 15.61443104238405
1 44415U 19022E   23310.53479127  .00113549  00000+0  12867-2 0  9997
2 44415  51.6299 149.0080 0007836 137.7284 222.4315 15.61497346238446
1 44415U 19022E   23310.79077958  .00105930  00000+0  11994-2 0  9996
2 44415  51.6300 147.7169 0007821 139.2113 220.9468 15.61551050238483
1 44415U 19022E   23311.81466519  .00077386  00000+0  87543-3 0  9992
2 44415  51.6295 142.5540 0007612 143.8354 216.3155 15.61714168238649
1 44415U 19022E   23312.51852335  .00080237  00000+0  90325-3 0  9996
2 44415  51.6296 139.0049 0007435 146.1846 213.9623 15.61826952238750
1 44415U 19022E   23312.77445913  .00077248  00000+0  86881-3 0  9994
2 44415  51.6296 137.7133 0007436 147.3411 212.8044 15.61866374238792
1 44415U 19022E   23313.03038886  .00075516  00000+0  84838-3 0  9997
2 44415  51.6296 136.4223 0007433 148.2356 211.9088 15.61904825238830
1 44415U 19022E   23313.54222818  .00075229  00000+0  84268-3 0  9991
2 44415  51.6292 133.8409 0007291 149.9236 210.2178 15.61983459238911
1 44415U 19022E   23313.79813812  .00076555  00000+0  85600-3 0  9992
2 44415  51.6292 132.5484 0007323 151.2977 208.8421 15.62022095238953
1 44415U 19022E   23314.50185947  .00073358  00000+0  81761-3 0  9995
2 44415  51.6294 128.9982 0007100 153.8450 206.2903 15.62124865239062
1 44415U 19022E   23314.75774638  .00075855  00000+0  84372-3 0  9998
2 44415  51.6297 127.7063 0007110 155.3140 204.8196 15.62163262239103
1 44415U 19022E   23315.52537169  .00067318  00000+0  74714-3 0  9994
2 44415  51.6290 123.8322 0006882 157.7515 202.3778 15.62270894239220
1 44415U 19022E   23315.84520012  .00065298  00000+0  72391-3 0  9992
2 44415  51.6291 122.2172 0006847 159.5212 200.6058 15.62312775239274
1 44415U 19022E   23316.48483385  .00063883  00000+0  70638-3 0  9994
2 44415  51.6290 118.9888 0006764 161.4640 198.6601 15.62389735239375
1 44415U 19022E   23316.74067726  .00081217  00000+0  89314-3 0  9992
2 44415  51.6293 117.6969 0006731 162.7373 197.3851 15.62430538239411
1 44415U 19022E   23317.44421586  .00083672  00000+0  91599-3 0  9993
2 44415  51.6295 114.1452 0006520 164.8726 195.2464 15.62535417239524
1 44415U 19022E   23317.82794499  .00067696  00000+0  74228-3 0  9999
2 44415  51.6297 112.2067 0006538 166.2144 193.9030 15.62583211239581
1 44415U 19022E   23318.46746522  .00058944  00000+0  64571-3 0  9990
2 44415  51.6295 108.9777 0006334 168.2888 191.8255 15.62666518239689
1 44415U 19022E   23318.78721250  .00060116  00000+0  65730-3 0  9998
2 44415  51.6296 107.3622 0006347 169.7605 190.3520 15.62706729239733
1 44415U 19022E   23318.97905669  .00065281  00000+0  71205-3 0  9999
2 44415  51.6297 106.3936 0006291 170.6927 189.4185 15.62735007239767
1 44415U 19022E   23319.42668168  .00062254  00000+0  67812-3 0  9996
2 44415  51.6298 104.1332 0006102 172.8932 187.2150 15.62790532239835
1 44415U 19022E   23319.87429045  .00065892  00000+0  71545-3 0  9993
2 44415  51.6304 101.8716 0006127 174.4477 185.6586 15.62849241239907
1 44415U 19022E   23320.38582340  .00061462  00000+0  66649-3 0  9997
2 44415  51.6305  99.2883 0005924 176.2994 183.8045 15.62912292239986
1 44415U 19022E   23320.76945920  .00059237  00000+0  64157-3 0  9995
2 44415  51.6304  97.3495 0005941 177.6897 182.4126 15.62959198240049
1 44415U 19022E   23321.53670062  .00048696  00000+0  52753-3 0  9999
2 44415  51.6305  93.4736 0005769 180.8227 179.2758 15.63037692240161
1 44415U 19022E   23321.72850486  .00051858  00000+0  56075-3 0  9995
2 44415  51.6306  92.5042 0005786 181.5991 178.4986 15.63057428240193
1 44415U 19022E   23321.85637339  .00052814  00000+0  57062-3 0  9999
2 44415  51.6307  91.8582 0005783 181.7574 178.3401 15.63071036240216
1 44415U 19022E   23322.62355995  .00051039  00000+0  55009-3 0  9997
2 44415  51.6310  87.9812 0005589 184.7775 175.3167 15.63149455240332
1 44415U 19022E   23323.39070858  .00051987  00000+0  55839-3 0  9997
2 44415  51.6307  84.1046 0005380 187.8430 172.2481 15.63230382240455
1 44415U 19022E   23323.58248964  .00051341  00000+0  55121-3 0  9991
2 44415  51.6308  83.1348 0005414 188.4943 171.5961 15.63247186240482
1 44415U 19022E   23323.71034242  .00052567  00000+0  56385-3 0  9992
2 44415  51.6306  82.4881 0005401 188.9806 171.1093 15.63260526240501
1 44415U 19022E   23324.60528302  .00056096  00000+0  59892-3 0  9993
2 44415  51.6305  77.9641 0005278 192.4076 167.6789 15.63352195240645
1 44415U 19022E   23325.56408287  .00066753  00000+0  70745-3 0  9999
2 44415  51.6308  73.1167 0005070 196.4264 163.6567 15.63469937240791
1 44415U 19022E   23326.45888843  .00076094  00000+0  80032-3 0  9997
2 44415  51.6308  68.5920 0004880 199.9976 160.0828 15.63610748240937
1 44415U 19022E   23326.52279959  .00088721  00000+0  93016-3 0  9993
2 44415  51.6310  68.2687 0004895 200.2509 159.8292 15.63626736240947
1 44415U 19022E   23326.84235017  .00080115  00000+0  83967-3 0  9998
2 44415  51.6316  66.6529 0004884 201.1322 158.9472 15.63678314240995
1 44415U 19022E   23327.48141647  .00079879  00000+0  83361-3 0  9997
2 44415  51.6322  63.4205 0004751 204.4018 155.6752 15.63789231241097
1 44415U 19022E   23327.67312785  .00073966  00000+0  77199-3 0  9994
2 44415  51.6318  62.4500 0004728 205.2771 154.7993 15.63818696241127
1 44415U 19022E   23328.50383892  .00071801  00000+0  74622-3 0  9998
2 44415  51.6318  58.2475 0004494 208.7808 151.2939 15.63940295241257
1 44415U 19022E   23328.82332561  .00075328  00000+0  78076-3 0  9995
2 44415  51.6316  56.6310 0004417 210.0098 150.0644 15.63989329241304
1 44415U 19022E   23329.39837346  .00088353  00000+0  90969-3 0  9996
2 44415  51.6315  53.7214 0004297 213.0030 147.0697 15.64091371241394
1 44415U 19022E   23330.48445648  .00079350  00000+0  81106-3 0  9998
2 44415  51.6322  48.2240 0004098 217.5257 142.5452 15.64322447241568
1 44415U 19022E   23330.67610196  .00066449  00000+0  68035-3 0  9992
2 44415  51.6322  47.2535 0004088 217.5306 142.5404 15.64353343241597
1 44415U 19022E   23331.44264268  .00066386  00000+0  67612-3 0  9993
2 44415  51.6319  43.3728 0003886 220.9489 139.1215 15.64488181241714
1 44415U 19022E   23331.57039270  .00078984  00000+0  80129-3 0  9995
2 44415  51.6319  42.7258 0004008 219.9647 140.1053 15.64514308241731
1 44415U 19022E   23332.20911743  .00086807  00000+0  87532-3 0  9998
2 44415  51.6316  39.4917 0003817 224.2378 135.8312 15.64628862241831
1 44415U 19022E   23332.59232960  .00086775  00000+0  87258-3 0  9996
2 44415  51.6318  37.5498 0003763 225.4247 134.6441 15.64698922241894
1 44415U 19022E   23332.78393010  .00085740  00000+0  86128-3 0  9997
2 44415  51.6316  36.5796 0003599 227.5086 132.5605 15.64730731241921
1 44415U 19022E   23333.42256726  .00078948  00000+0  79077-3 0  9998
2 44415  51.6315  33.3441 0003499 230.6069 129.4617 15.64838817242021
1 44415U 19022E   23334.38044162  .00084262  00000+0  83772-3 0  9996
2 44415  51.6311  28.4907 0003438 233.5365 126.5314 15.64999578242173
1 44415U 19022E   23335.40206753  .00086016  00000+0  84918-3 0  9998
2 44415  51.6315  23.3125 0003284 237.5964 122.4713 15.65167930242337
1 44415U 19022E   23335.52976223  .00097460  00000+0  95894-3 0  9997
2 44415  51.6314  22.6650 0003281 237.2886 122.7793 15.65198015242359
1 44415U 19022E   23336.35971926  .00172448  00000+0  16626-2 0  9999
2 44415  51.6317  18.4576 0003236 239.5458 120.5217 15.65416488242480
1 44415U 19022E   23337.12575097  .00062792  00000+0  61445-3 0  9994
2 44415  51.6316  14.5731 0003211 245.6639 114.4021 15.65520861242601
1 44415U 19022E   23337.50874307  .00077833  00000+0  75679-3 0  9998
2 44415  51.6314  12.6298 0003118 245.7293 114.3377 15.65592171242661
1 44415U 19022E   23338.33851379  .00064525  00000+0  62646-3 0  9998
2 44415  51.6312   8.4210 0002913 250.8644 109.2036 15.65707546242798
1 44415U 19022E   23338.65763926  .00076887  00000+0  74283-3 0  9997
2 44415  51.6309   6.8021 0002897 251.4341 108.6340 15.65757848242845
1 44415U 19022E   23339.10439894  .00073867  00000+0  71233-3 0  9999
2 44415  51.6307   4.5359 0002867 253.6452 106.4228 15.65820870242911
1 44415U 19022E   23339.29586118  .00071191  00000+0  68615-3 0  9999
2 44415  51.6309   3.5640 0002861 253.7356 106.3325 15.65849955242948
1 44415U 19022E   23340.31693573  .00068365  00000+0  65537-3 0  9997
2 44415  51.6310 358.3823 0002739 257.2453 102.8236 15.66001696243109
1 44415U 19022E   23340.57218964  .00062639  00000+0  60052-3 0  9997
2 44415  51.6312 357.0870 0002640 256.9560 103.1141 15.66035997243149
1 44415U 19022E   23340.63600226  .00062010  00000+0  59442-3 0  9994
2 44415  51.6311 356.7632 0002652 257.9237 102.1461 15.66043073243154
1 44415U 19022E   23341.40172640  .00056795  00000+0  54310-3 0  9996
2 44415  51.6308 352.8764 0002627 260.2005  99.8694 15.66140722243277
1 44415U 19022E   23342.42262142  .00054304  00000+0  51716-3 0  9997
2 44415  51.6309 347.6931 0002548 263.6098  96.4608 15.66261839243436
1 44415U 19022E   23342.61403061  .00058636  00000+0  55717-3 0  9992
2 44415  51.6308 346.7215 0002504 264.3954  95.6756 15.66285283243468
1 44415U 19022E   23343.37963936  .00051742  00000+0  49099-3 0  9995
2 44415  51.6303 342.8334 0002467 266.3588  93.7126 15.66372144243581
1 44415U 19022E   23343.57103502  .00054513  00000+0  51635-3 0  9990
2 44415  51.6304 341.8617 0002421 267.5024  92.5695 15.66395304243618
1 44415U 19022E   23344.46417920  .00052490  00000+0  49551-3 0  9997
2 44415  51.6302 337.3253 0002382 269.6145  90.4578 15.66495425243752
1 44415U 19022E   23344.52797306  .00053394  00000+0  50375-3 0  9993
2 44415  51.6304 337.0015 0002368 270.0491  90.0233 15.66502769243766
1 44415U 19022E   23345.16589506  .00051341  00000+0  48329-3 0  9991
2 44415  51.6303 333.7612 0002333 273.4676  86.6053 15.66575280243865
1 44415U 19022E   23345.54863466  .00053153  00000+0  49924-3 0  9998
2 44415  51.6302 331.8168 0002253 272.9314  87.1424 15.66616095243928
1 44415U 19022E   23346.18651097  .00053964  00000+0  50528-3 0  9996
2 44415  51.6302 328.5764 0002217 275.5740  84.5003 15.66686948244025
1 44415U 19022E   23346.50543807  .00060666  00000+0  56605-3 0  9990
2 44415  51.6303 326.9553 0002165 272.3554  87.7194 15.66725304244075
1 44415U 19022E   23348.16372423  .00061075  00000+0  56485-3 0  9999
2 44415  51.6304 318.5284 0002085 274.1475  85.9283 15.66941620244336
1 44415U 19022E   23349.12031033  .00049182  00000+0  45387-3 0  9999
2 44415  51.6306 313.6640 0002059 276.7640  83.3122 15.67086595244485
1 44415U 19022E   23349.50291973  .00069326  00000+0  63428-3 0  9990
2 44415  51.6304 311.7180 0002072 284.6294  75.4472 15.67156663244540
1 44415U 19022E   23350.14057125  .00062623  00000+0  57176-3 0  9997
2 44415  51.6299 308.4841 0002181 298.4175  61.6601 15.67249751244645
1 44415U 19022E   23350.39562143  .00076618  00000+0  69576-3 0  9991
2 44415  51.6307 307.1875 0002452 316.7106  43.3697 15.67300164244689
1 44415U 19022E   23351.35199274  .00085816  00000+0  77305-3 0  9998
2 44415  51.6305 302.3191 0001896 295.3963  64.6837 15.67452202244839
1 44415U 19022E   23351.41574761  .00094625  00000+0  85053-3 0  9990
2 44415  51.6305 301.9948 0001885 293.5360  66.5438 15.67464759244842
1 44415U 19022E   23352.11701529  .00094041  00000+0  84057-3 0  9997
2 44415  51.6303 298.4274 0001841 294.2794  65.8010 15.67605129244951
1 44415U 19022E   23353.13693682  .00085643  00000+0  76124-3 0  9994
2 44415  51.6296 293.2385 0001758 289.0401  71.0405 15.67782523245112
1 44415U 19022E   23354.02926976  .00077242  00000+0  68334-3 0  9998
2 44415  51.6296 288.6977 0001695 279.9823  80.0982 15.67941194245259
1 44415U 19022E   23354.34793876  .00092192  00000+0  81103-3 0  9994
2 44415  51.6293 287.0741 0001713 284.6925  75.3882 15.68004784245303
1 44415U 19022E   23355.04896879  .00091455  00000+0  80050-3 0  9990
2 44415  51.6292 283.5044 0001722 285.2398  74.8408 15.68131906245417
1 44415U 19022E   23356.00482023  .00087552  00000+0  76117-3 0  9991
2 44415  51.6292 278.6370 0001734 280.8407  79.2394 15.68316057245560
1 44415U 19022E   23356.38712755  .00101960  00000+0  88084-3 0  9996
2 44415  51.6294 276.6902 0001708 284.4281  75.6525 15.68405337245625
1 44415U 19022E   23357.15168372  .00096110  00000+0  82584-3 0  9991
2 44415  51.6295 272.7951 0001697 291.5572  68.5243 15.68562555245743
1 44415U 19022E   23357.78875723  .00106069  00000+0  90517-3 0  9995
2 44415  51.6286 269.5496 0001715 283.4545  76.6260 15.68687077245849
1 44415U 19022E   23357.97986921  .00106688  00000+0  90891-3 0  9991
2 44415  51.6286 268.5760 0001743 284.0857  75.9946 15.68725782245878
1 44415U 19022E   23358.74427465  .00108654  00000+0  91971-3 0  9995
2 44415  51.6284 264.6818 0001775 290.0032  70.0773 15.68874464245993
1 44415U 19022E   23358.93536452  .00096384  00000+0  81656-3 0  9998
2 44415  51.6285 263.7068 0001772 286.9042  73.1761 15.68906187246027
1 44415U 19022E   23359.12644969  .00098338  00000+0  83154-3 0  9999
2 44415  51.6280 262.7318 0001789 283.4237  76.6560 15.68943262246058
1 44415U 19022E   23359.25383771  .00090213  00000+0  76330-3 0  9996
2 44415  51.6279 262.0825 0001717 284.1350  75.9456 15.68965557246076
1 44415U 19022E   23359.76336968  .00096841  00000+0  81508-3 0  9994
2 44415  51.6276 259.4856 0001792 287.1448  72.9353 15.69063149246150
1 44415U 19022E   23359.95443617  .00091559  00000+0  77035-3 0  9996
2 44415  51.6278 258.5110 0001797 285.4381  74.6418 15.69095771246187
1 44415U 19022E   23360.90970706  .00084261  00000+0  70506-3 0  9995
2 44415  51.6278 253.6399 0001852 288.6420  71.4375 15.69263771246334
1 44415U 19022E   23361.10074865  .00087942  00000+0  73421-3 0  9997
2 44415  51.6277 252.6653 0001817 287.6687  72.4112 15.69300712246360
1 44415U 19022E   23361.16442828  .00085623  00000+0  71483-3 0  9991
2 44415  51.6278 252.3404 0001771 287.9829  72.0974 15.69312445246371
1 44415U 19022E   23361.92854503  .00084204  00000+0  69913-3 0  9991
2 44415  51.6278 248.4419 0001747 285.6546  74.4258 15.69452742246496
1 44415U 19022E   23362.11956380  .00084669  00000+0  70192-3 0  9995
2 44415  51.6278 247.4673 0001706 282.9663  77.1143 15.69487287246521
1 44415U 19022E   23362.24690695  .00084874  00000+0  70287-3 0  9996
2 44415  51.6279 246.8180 0001695 284.1181  75.9628 15.69512266246546
1 44415U 19022E   23362.88359668  .00080980  00000+0  66813-3 0  9992
2 44415  51.6277 243.5693 0001785 286.7246  73.3555 15.69621677246646
1 44415U 19022E   23363.07459509  .00081059  00000+0  66788-3 0  9998
2 44415  51.6276 242.5944 0001778 286.0209  74.0592 15.69653919246673
1 44415U 19022E   23363.83854970  .00082634  00000+0  67698-3 0  9994
2 44415  51.6273 238.6957 0001844 289.7932  70.2866 15.69783600246793
1 44415U 19022E   23363.90220975  .00078320  00000+0  64204-3 0  9991
2 44415  51.6272 238.3708 0001824 288.4186  71.6612 15.69790698246809
1 44415U 19022E   23364.02952859  .00079862  00000+0  65388-3 0  9994
2 44415  51.6271 237.7209 0001801 286.4322  73.6477 15.69812279246825
1 44415U 19022E   23364.85705808  .00076434  00000+0  62269-3 0  9992
2 44415  51.6267 233.4966 0001915 284.1424  75.9361 15.69950645246958
1 44415U 19022E   23365.87546508  .00070892  00000+0  57474-3 0  9999
2 44415  51.6263 228.2955 0002103 286.4220  73.6546 15.70098283247115
1 44415U 19022E   24001.19369803  .00071667  00000+0  57976-3 0  9991
2 44415  51.6267 226.6706 0002017 292.1576  67.9207 15.70146194247167
1 44415U 19022E   24002.08469691  .00084630  00000+0  67870-3 0  9994
2 44415  51.6271 222.1200 0002109 296.8517  63.2264 15.70287484247306
1 44415U 19022E   24002.59380079  .00077377  00000+0  61929-3 0  9991
2 44415  51.6271 219.5200 0002208 301.8698  58.2085 15.70372264247387
1 44415U 19022E   24002.84834274  .00075440  00000+0  60306-3 0  9997
2 44415  51.6272 218.2190 0002209 301.2232  58.8549 15.70411404247427
1 44415U 19022E   24002.97561146  .00076326  00000+0  60951-3 0  9996
2 44415  51.6270 217.5685 0002213 301.9492  58.1290 15.70431704247449
1 44415U 19022E   24003.80282071  .00074599  00000+0  59294-3 0  9994
2 44415  51.6271 213.3421 0002292 305.7406  54.3378 15.70553110247571
1 44415U 19022E   24004.05733311  .00081361  00000+0  64456-3 0  9991
2 44415  51.6272 212.0413 0002250 305.2154  54.8632 15.70596573247611
1 44415U 19022E   24004.56633656  .00075890  00000+0  59979-3 0  9992
2 44415  51.6270 209.4406 0002408 310.5342  49.5446 15.70681731247697
1 44415U 19022E   24004.82082833  .00073015  00000+0  57650-3 0  9997
2 44415  51.6274 208.1392 0002423 310.7738  49.3049 15.70721006247731
1 44415U 19022E   24005.58426411  .00071402  00000+0  56114-3 0  9997
2 44415  51.6271 204.2370 0002552 312.9380  47.1403 15.70841457247857
1 44415U 19022E   24005.83872984  .00073696  00000+0  57791-3 0  9994
2 44415  51.6273 202.9357 0002562 312.6295  47.4487 15.70880581247892
1 44415U 19022E   24005.90234499  .00081698  00000+0  63915-3 0  9991
2 44415  51.6273 202.6104 0002556 312.8239  47.2544 15.70895060247904
1 44415U 19022E   24006.53847852  .00073485  00000+0  57372-3 0  9999
2 44415  51.6272 199.3587 0002691 317.4093  42.6695 15.70986987248006
1 44415U 19022E   24006.92013967  .00070933  00000+0  55280-3 0  9995
2 44415  51.6271 197.4062 0002658 318.2413  41.8381 15.71044284248065
1 44415U 19022E   24007.55621298  .00076318  00000+0  59171-3 0  9993
2 44415  51.6264 194.1540 0002866 321.9956  38.0839 15.71136952248167
1 44415U 19022E   24007.87423467  .00076765  00000+0  59391-3 0  9996
2 44415  51.6263 192.5268 0002825 322.3510  37.7290 15.71185617248216
1 44415U 19022E   24008.06504343  .00074413  00000+0  57534-3 0  9996
2 44415  51.6263 191.5510 0002837 323.5337  36.5467 15.71213468248240
1 44415U 19022E   24008.51024890  .00072386  00000+0  55833-3 0  9997
2 44415  51.6261 189.2740 0002986 326.2109  33.8698 15.71281307248310
1 44415U 19022E   24008.76464247  .00079359  00000+0  61001-3 0  9999
2 44415  51.6262 187.9718 0002986 325.8763  34.2043 15.71326192248357
1 44415U 19022E   24009.01902979  .00082364  00000+0  63154-3 0  9998
2 44415  51.6263 186.6704 0002973 327.8306  32.2510 15.71370113248393
1 44415U 19022E   24009.52778201  .00089081  00000+0  67945-3 0  9998
2 44415  51.6259 184.0677 0003144 330.7559  29.3262 15.71462746248477
1 44415U 19022E   24009.84573697  .00087170  00000+0  66353-3 0  9994
2 44415  51.6259 182.4402 0003169 331.3356  28.7467 15.71519707248520
1 44415U 19022E   24010.48160867  .00092087  00000+0  69653-3 0  9996
2 44415  51.6259 179.1865 0003363 334.6411  25.4421 15.71646779248625
1 44415U 19022E   24010.73594156  .00102299  00000+0  77036-3 0  9997
2 44415  51.6263 177.8842 0003373 334.4865  25.5966 15.71707187248662
1 44415U 19022E   24010.86310461  .00108981  00000+0  81860-3 0  9990
2 44415  51.6263 177.2331 0003421 335.2094  24.8740 15.71739537248684
1 44415U 19022E   24011.62602895  .00113371  00000+0  84416-3 0  9999
2 44415  51.6265 173.3274 0003651 338.9724  21.1124 15.71928353248800
1 44415U 19022E   24011.81674575  .00114683  00000+0  85203-3 0  9996
2 44415  51.6264 172.3503 0003671 339.6226  20.4625 15.71975799248837
1 44415U 19022E   24012.45242780  .00119552  00000+0  88166-3 0  9997
2 44415  51.6262 169.0951 0003877 341.7457  18.3401 15.72130918248939
1 44415U 19022E   24012.83380726  .00119857  00000+0  88047-3 0  9998
2 44415  51.6267 167.1408 0003877 342.5775  17.5089 15.72222016248992
1 44415U 19022E   24013.59649995  .00119855  00000+0  87353-3 0  9995
2 44415  51.6273 163.2336 0004153 347.0553  13.0338 15.72407011249111
1 44415U 19022E   24013.97781244  .00124658  00000+0  90422-3 0  9999
2 44415  51.6269 161.2794 0004234 348.3717  11.7183 15.72500649249178
1 44415U 19022E   24014.61328007  .00135594  00000+0  97482-3 0  9999
2 44415  51.6270 158.0225 0004399 350.6157   9.4758 15.72669573249274
1 44415U 19022E   24014.80390699  .00136987  00000+0  98245-3 0  9991
2 44415  51.6270 157.0451 0004417 351.4399   8.6524 15.72721441249301
1 44415U 19022E   24015.56634809  .00132979  00000+0  94552-3 0  9993
2 44415  51.6271 153.1361 0004668 354.4373   5.6573 15.72936854249422
1 44415U 19022E   24016.51925826  .00140310  00000+0  98554-3 0  9995
2 44415  51.6268 148.2485 0004851 358.3221   1.7760 15.73195777249572
1 44415U 19022E   24016.58277990  .00132169  00000+0  92893-3 0  9997
2 44415  51.6269 147.9225 0004828 358.4761   1.6222 15.73210470249586
1 44415U 19022E   24017.59903999  .00128627  00000+0  89450-3 0  9993
2 44415  51.6270 142.7078 0005069   2.8167 357.2859 15.73469749249744
1 44415U 19022E   24018.48813005  .00121813  00000+0  83994-3 0  9997
2 44415  51.6269 138.1445 0005226   6.7514 353.3554 15.73692209249886
1 44415U 19022E   24018.80563204  .00125085  00000+0  85907-3 0  9997
2 44415  51.6268 136.5137 0005279   7.4804 352.6273 15.73772506249938
1 44415U 19022E   24019.56756897  .00131914  00000+0  89719-3 0  9996
2 44415  51.6269 132.6002 0005459  10.4056 349.7055 15.73972951250056
1 44415U 19022E   24020.32941154  .00121774  00000+0  82280-3 0  9993
2 44415  51.6270 128.6875 0005645  13.4912 346.6237 15.74161309250171
1 44415U 19022E   24020.51985769  .00123899  00000+0  83514-3 0  9995
2 44415  51.6271 127.7086 0005650  14.2675 345.8483 15.74209319250209
1 44415U 19022E   24020.83725577  .00124407  00000+0  83565-3 0  9991
2 44415  51.6269 126.0772 0005713  15.4307 344.6865 15.74287702250253
1 44415U 19022E   24021.53547245  .00131746  00000+0  87690-3 0  9990
2 44415  51.6270 122.4889 0005897  17.9329 342.1877 15.74471060250368
1 44415U 19022E   24021.85281718  .00120171  00000+0  79856-3 0  9990
2 44415  51.6270 120.8576 0005972  19.1484 340.9739 15.74550182250415
1 44415U 19022E   24022.29707273  .00120259  00000+0  79523-3 0  9996
2 44415  51.6269 118.5746 0006123  20.5672 339.5573 15.74662166250483
1 44415U 19022E   24022.48745827  .00119952  00000+0  79163-3 0  9992
2 44415  51.6271 117.5953 0006110  21.3769 338.7484 15.74709086250516
1 44415U 19022E   24022.86821123  .00128365  00000+0  84225-3 0  9991
2 44415  51.6270 115.6371 0006201  22.4049 337.7220 15.74811354250577
1 44415U 19022E   24023.43929232  .00132998  00000+0  86583-3 0  9991
2 44415  51.6274 112.6992 0006309  24.3728 335.7568 15.74974611250660
1 44415U 19022E   24024.45441244  .00144165  00000+0  92605-3 0  9997
2 44415  51.6273 107.4772 0006511  28.5046 331.6308 15.75241934250822
1 44415U 19022E   24025.46936888  .00121319  00000+0  77396-3 0  9998
2 44415  51.6276 102.2535 0006711  32.3073 327.8336 15.75478473250985
1 44415U 19022E   24025.72308607  .00122115  00000+0  77700-3 0  9993
2 44415  51.6280 100.9459 0007036  33.3086 326.8355 15.75532508251022
1 44415U 19022E   24026.42075682  .00145653  00000+0  91689-3 0  9999
2 44415  51.6280  97.3517 0006828  37.6612 322.4865 15.75696970251130
1 44415U 19022E   24027.43542470  .00123199  00000+0  77042-3 0  9993
2 44415  51.6276  92.1222 0007099  40.7701 319.3828 15.75924091251295
1 44415U 19022E   24027.56224830  .00108639  00000+0  68035-3 0  9998
2 44415  51.6275  91.4757 0006945  42.6518 317.5020 15.75947699251311
1 44415U 19022E   24028.51335001  .00114109  00000+0  70738-3 0  9999
2 44415  51.6271  86.5773 0007061  46.2181 313.9402 15.76156860251469
1 44415U 19022E   24029.40092668  .00123457  00000+0  75692-3 0  9997
2 44415  51.6270  82.0028 0007177  49.5362 310.6263 15.76372301251602
1 44415U 19022E   24030.16161263  .00119158  00000+0  72543-3 0  9995
2 44415  51.6267  78.0819 0007273  52.6582 307.5079 15.76547102251723
1 44415U 19022E   24030.35177085  .00118612  00000+0  72085-3 0  9990
2 44415  51.6269  77.1009 0007252  53.6612 306.5057 15.76588654251753
1 44415U 19022E   24031.36586063  .00113316  00000+0  68220-3 0  9994
2 44415  51.6273  71.8726 0007377  57.2268 302.9442 15.76820778251912
1 44415U 19022E   24032.31643728  .00106022  00000+0  63329-3 0  9993
2 44415  51.6275  66.9691 0007468  61.1628 299.0121 15.77025643252061
1 44415U 19022E   24032.50653741  .00115476  00000+0  68727-3 0  9990
2 44415  51.6277  65.9878 0007440  62.8274 297.3484 15.77071118252098
1 44415U 19022E   24033.45696231  .00108288  00000+0  63928-3 0  9997
2 44415  51.6276  61.0822 0007494  66.8986 293.2804 15.77281000252247
1 44415U 19022E   24034.28056247  .00109533  00000+0  64134-3 0  9990
2 44415  51.6279  56.8310 0007677  69.2711 290.9111 15.77458861252370
1 44415U 19022E   24034.66065380  .00115950  00000+0  67559-3 0  9994
2 44415  51.6278  54.8683 0007691  70.7735 289.4097 15.77544782252430
1 44415U 19022E   24035.42077140  .00120119  00000+0  69375-3 0  9997
2 44415  51.6276  50.9425 0007721  74.6901 285.4953 15.77726421252553
1 44415U 19022E   24035.61078689  .00125477  00000+0  72249-3 0  9993
2 44415  51.6276  49.9613 0007732  75.6786 284.5072 15.77775270252585
1 44415U 19022E   24036.30746121  .00137032  00000+0  78137-3 0  9995
2 44415  51.6273  46.3631 0007666  79.0615 281.1248 15.77954046252698
1 44415U 19022E   24037.25733991  .00146087  00000+0  82222-3 0  9991
2 44415  51.6271  41.4549 0007738  83.1400 277.0480 15.78214103252841
1 44415U 19022E   24038.20705268  .00141718  00000+0  78811-3 0  9998
2 44415  51.6267  36.5451 0007767  88.0173 272.1717 15.78495532252998
1 44415U 19022E   24038.96670100  .00151698  00000+0  83383-3 0  9995
2 44415  51.6266  32.6170 0007794  91.7384 268.4510 15.78721673253119
1 44415U 19022E   24039.34648334  .00152029  00000+0  83113-3 0  9992
2 44415  51.6263  30.6509 0007841  93.7373 266.4525 15.78840379253178
1 44415U 19022E   24040.16924558  .00170095  00000+0  91630-3 0  9995
2 44415  51.6263  26.3933 0007836  98.1630 262.0260 15.79109787253305
1 44415U 19022E   24040.35909402  .00157757  00000+0  84910-3 0  9990
2 44415  51.6264  25.4107 0007884  99.2953 260.8940 15.79166756253335
1 44415U 19022E   24041.30822470  .00164533  00000+0  87234-3 0  9997
2 44415  51.6262  20.4970 0007922 104.1639 256.0242 15.79477273253483
1 44415U 19022E   24041.94087442  .00175137  00000+0  91840-3 0  9999
2 44415  51.6263  17.2211 0007927 106.9853 253.2018 15.79686905253584
1 44415U 19022E   24042.32042148  .00183712  00000+0  95614-3 0  9997
2 44415  51.6267  15.2543 0008013 109.7641 250.4225 15.79825702253643
1 44415U 19022E   24042.95292500  .00181388  00000+0  93411-3 0  9995
2 44415  51.6267  11.9776 0008009 112.2591 247.9260 15.80064560253742
1 44415U 19022E   24043.14265612  .00187091  00000+0  95925-3 0  9990
2 44415  51.6267  10.9933 0008019 113.3731 246.8115 15.80143833253776
1 44415U 19022E   24043.26913848  .00195574  00000+0  99919-3 0  9996
2 44415  51.6267  10.3378 0008006 114.0531 246.1309 15.80196820253799
1 44415U 19022E   24043.90149135  .00193650  00000+0  97855-3 0  9997
2 44415  51.6268   7.0594 0008016 117.2218 242.9601 15.80442342253894
1 44415U 19022E   24044.28085522  .00199195  00000+0  99882-3 0  9990
2 44415  51.6271   5.0920 0008080 119.7015 240.4792 15.80594008253950
1 44415U 19022E   24044.59696526  .00203039  00000+0  10119-2 0  9994
2 44415  51.6270   3.4523 0008111 121.1734 239.0064 15.80715518254004
1 44415U 19022E   24044.91304989  .00222454  00000+0  10990-2 0  9998
2 44415  51.6268   1.8125 0008132 122.9717 237.2067 15.80850735254053
1 44415U 19022E   24045.10268696  .00223250  00000+0  10986-2 0  9994
2 44415  51.6268   0.8287 0008145 124.1355 236.0420 15.80933832254080
1 44415U 19022E   24045.22910610  .00233716  00000+0  11454-2 0  9996
2 44415  51.6269   0.1727 0008162 124.9323 235.2447 15.80993469254100
1 44415U 19022E   24045.86113791  .00207219  00000+0  10069-2 0  9991
2 44415  51.6271 356.8920 0008185 128.1484 232.0256 15.81252422254200
1 44415U 19022E   24046.11392158  .00204779  00000+0  99065-3 0  9998
2 44415  51.6271 355.5795 0008219 129.5045 230.6685 15.81354627254246
1 44415U 19022E   24046.24030711  .00207113  00000+0  99917-3 0  9997
2 44415  51.6270 354.9230 0008234 130.2438 229.9285 15.81407784254266
1 44415U 19022E   24046.87217630  .00206398  00000+0  98437-3 0  9993
2 44415  51.6265 351.6410 0008311 133.7304 226.4388 15.81656256254367
1 44415U 19022E   24047.25124831  .00216679  00000+0  10244-2 0  9998
2 44415  51.6266 349.6717 0008345 136.1860 223.9806 15.81815486254422
1 44415U 19022E   24047.81978726  .00230938  00000+0  10779-2 0  9997
2 44415  51.6268 346.7169 0008330 138.9553 221.2078 15.82052041254519
1 44415U 19022E   24048.07244322  .00202462  00000+0  94408-3 0  9997
2 44415  51.6267 345.4034 0008399 140.3731 219.7886 15.82150671254556
1 44415U 19022E   24048.51455207  .00202478  00000+0  93630-3 0  9995
2 44415  51.6262 343.1048 0008379 142.5659 217.5929 15.82329793254627
1 44415U 19022E   24048.83031392  .00210112  00000+0  96475-3 0  9999
2 44415  51.6258 341.4627 0008399 144.4767 215.6796 15.82459646254676
1 44415U 19022E   24049.08290348  .00216221  00000+0  98692-3 0  9995
2 44415  51.6260 340.1488 0008438 146.1415 214.0128 15.82569121254710
1 44415U 19022E   24049.20919149  .00234509  00000+0  10647-2 0  9998
2 44415  51.6260 339.4918 0008472 146.8377 213.3158 15.82632669254736
1 44415U 19022E   24049.52489155  .00225099  00000+0  10166-2 0  9992
2 44415  51.6260 337.8492 0008473 148.4314 211.7199 15.82770697254781
1 44415U 19022E   24049.84056419  .00223276  00000+0  10020-2 0  9994
2 44415  51.6259 336.2065 0008484 150.1302 210.0187 15.82910405254835
1 44415U 19022E   24050.15620928  .00215018  00000+0  95993-3 0  9990
2 44415  51.6256 334.5637 0008479 151.9014 208.2448 15.83043655254880
1 44415U 19022E   24050.78742375  .00217597  00000+0  95948-3 0  9994
2 44415  51.6252 331.2774 0008528 155.2165 204.9249 15.83298954254988
1 44415U 19022E   24051.16610346  .00197484  00000+0  86703-3 0  9990
2 44415  51.6255 329.3050 0008581 157.5021 202.6360 15.83445323255042
1 44415U 19022E   24051.92335600  .00200628  00000+0  86800-3 0  9994
2 44415  51.6253 325.3603 0008559 161.3821 198.7497 15.83746935255168
1 44415U 19022E   24052.11264544  .00208976  00000+0  89952-3 0  9999
2 44415  51.6254 324.3740 0008589 162.6205 197.5094 15.83830976255195
1 44415U 19022E   24053.12203564  .00192646  00000+0  81547-3 0  9994
2 44415  51.6257 319.1116 0008562 168.1957 191.9249 15.84228224255359
1 44415U 19022E   24053.43741852  .00197792  00000+0  83174-3 0  9990
2 44415  51.6255 317.4668 0008571 169.7756 190.3423 15.84352325255407
1 44415U 19022E   24053.94197993  .00184982  00000+0  77188-3 0  9992
2 44415  51.6251 314.8348 0008586 171.7691 188.3455 15.84549680255488
1 44415U 19022E   24054.95090501  .00199243  00000+0  81347-3 0  9999
2 44415  51.6250 309.5696 0008565 177.3300 182.7751 15.84965040255647
1 44415U 19022E   24055.07700272  .00200458  00000+0  81634-3 0  9996
2 44415  51.6248 308.9113 0008574 178.0046 182.0993 15.85014860255665
1 44415U 19022E   24055.70743234  .00220584  00000+0  88518-3 0  9991
2 44415  51.6234 305.6202 0008683 182.2408 177.8558 15.85265122255762
1 44415U 19022E   24056.08563942  .00232250  00000+0  92306-3 0  9992
2 44415  51.6234 303.6448 0008715 184.4035 175.6894 15.85433825255821
1 44415U 19022E   24056.40078275  .00217409  00000+0  86043-3 0  9998
2 44415  51.6233 301.9984 0008702 185.9736 174.1165 15.85560577255871
1 44415U 19022E   24056.84193516  .00245778  00000+0  95920-3 0  9996
2 44415  51.6231 299.6931 0008683 188.4933 171.5925 15.85775801255940
1 44415U 19022E   24056.90495208  .00233968  00000+0  91334-3 0  9999
2 44415  51.6231 299.3637 0008675 189.0001 171.0849 15.85801162255955
1 44415U 19022E   24057.03098255  .00235767  00000+0  91748-3 0  9993
2 44415  51.6231 298.7051 0008682 189.8924 170.1910 15.85861138255978
1 44415U 19022E   24057.91306567  .00230561  00000+0  88027-3 0  9991
2 44415  51.6231 294.0923 0008641 194.7582 165.3171 15.86267715256119
1 44415U 19022E   24058.03905954  .00226313  00000+0  86220-3 0  9993
2 44415  51.6230 293.4331 0008644 195.3755 164.6988 15.86322726256130
1 44415U 19022E   24058.35402454  .00240363  00000+0  90777-3 0  9998
2 44415  51.6227 291.7850 0008626 196.9482 163.1235 15.86465661256187
1 44415U 19022E   24058.92089120  .00213693  00000+0  80012-3 0  9999
2 44415  51.6227 288.8180 0008683 199.8937 160.1730 15.86710372256279
1 44415U 19022E   24059.04684949  .00215308  00000+0  80374-3 0  9999
2 44415  51.6229 288.1588 0008699 200.4182 159.6476 15.86767577256295
1 44415U 19022E   24059.86547765  .00204980  00000+0  75368-3 0  9994
2 44415  51.6231 283.8724 0008637 204.9874 155.0714 15.87104297256426
1 44415U 19022E   24059.99140482  .00205678  00000+0  75420-3 0  9997
2 44415  51.6229 283.2128 0008634 205.7142 154.3435 15.87157684256441
1 44415U 19022E   24060.62097960  .00214494  00000+0  77571-3 0  9996
2 44415  51.6224 279.9150 0008623 209.4174 150.6346 15.87415951256542
1 44415U 19022E   24060.80983068  .00219935  00000+0  79141-3 0  9999
2 44415  51.6225 278.9255 0008628 210.5862 149.4640 15.87503426256571
1 44415U 19022E   24060.87277913  .00217594  00000+0  78224-3 0  9991
2 44415  51.6227 278.5959 0008642 211.0033 149.0463 15.87528666256585
1 44415U 19022E   24061.62807632  .00239912  00000+0  84600-3 0  9995
2 44415  51.6223 274.6360 0008785 215.3594 144.6829 15.87859872256708
1 44415U 19022E   24061.81687413  .00250991  00000+0  87957-3 0  9997
2 44415  51.6222 273.6463 0008792 216.8607 143.1794 15.87957776256739
1 44415U 19022E   24062.82361006  .00249515  00000+0  85322-3 0  9990
2 44415  51.6223 268.3653 0008707 223.0860 136.9464 15.88455608256898
1 44415U 19022E   24063.57845710  .00245184  00000+0  82384-3 0  9995
2 44415  51.6219 264.4028 0008701 227.3496 132.6777 15.88817203257010
1 44415U 19022E   24063.83003055  .00278095  39054-4  96161-3 0  9993
2 44415  51.6218 263.0822 0008744 228.8768 131.1483 15.88970304257055
1 44415U 19022E   24064.52172589  .00303930  44788-4  10262-2 0  9993
2 44415  51.6216 259.4485 0008789 232.8778 127.1425 15.89422573257166
1 44415U 19022E   24064.77320403  .00252855  34321-4  84958-3 0  9995
2 44415  51.6217 258.1270 0008782 234.3233 125.6956 15.89561884257207
1 44415U 19022E   24065.52750222  .00281845  40208-4  92452-3 0  9995
2 44415  51.6213 254.1611 0008803 239.6152 120.3984 15.90008337257327
1 44415U 19022E   24065.71604341  .00277083  39258-4  90380-3 0  9996
2 44415  51.6212 253.1694 0008828 240.9861 119.0261 15.90122285257350
1 44415U 19022E   24066.53290740  .00307879  46211-4  97860-3 0  9995
2 44415  51.6205 248.8706 0008782 246.5754 113.4329 15.90606668257488
1 44415U 19022E   24066.78419951  .00308838  46503-4  97395-3 0  9992
2 44415  51.6206 247.5477 0008833 248.3324 111.6741 15.90758731257522
1 44415U 19022E   24067.47513410  .00301289  44936-4  93101-3 0  9996
2 44415  51.6206 243.9086 0008821 253.0952 106.9088 15.91159289257632
1 44415U 19022E   24068.47980603  .00322206  50214-4  96325-3 0  9998
2 44415  51.6199 238.6129 0008903 259.9047 100.0955 15.91783982257791
1 44415U 19022E   24068.73091118  .00294530  43736-4  87436-3 0  9993
2 44415  51.6201 237.2885 0008901 261.3387  98.6611 15.91936595257837
1 44415U 19022E   24068.85645462  .00291358  43057-4  86155-3 0  9991
2 44415  51.6200 236.6261 0008902 262.1988  97.8008 15.92014343257856
1 44415U 19022E   24069.48407678  .00359564  60485-4  10376-2 0  9995
2 44415  51.6196 233.3140 0008921 266.2323  93.7663 15.92442742257950
1 44415U 19022E   24069.86057046  .00318247  49687-4  90801-3 0  9993
2 44415  51.6196 231.3264 0008940 268.5055  91.4928 15.92679917258016
1 44415U 19022E   24070.80154672  .00317425  49800-4  87619-3 0  9999
2 44415  51.6203 226.3550 0009182 275.3475  84.6484 15.93304346258167
1 44415U 19022E   24071.42865666  .00324778  51881-4  87627-3 0  9990
2 44415  51.6197 223.0394 0009178 279.6656  80.3314 15.93730432258267
1 44415U 19022E   24071.80484121  .00320478  50923-4  85296-3 0  9994
2 44415  51.6200 221.0495 0009213 282.1416  77.8559 15.93988384258325
1 44415U 19022E   24072.43168195  .00338568  55907-4  88017-3 0  9994
2 44415  51.6199 217.7324 0009280 286.2120  73.7866 15.94417405258425
1 44415U 19022E   24072.68237121  .00338294  55937-4  87129-3 0  9999
2 44415  51.6200 216.4053 0009336 287.6980  72.3008 15.94590493258460
1 44415U 19022E   24072.80770529  .00343923  57533-4  88131-3 0  9990
2 44415  51.6203 215.7419 0009409 288.3482  71.6502 15.94680829258483
1 44415U 19022E   24073.74748511  .00375248  67148-4  92561-3 0  9990
2 44415  51.6200 210.7628 0009563 294.7123  65.2889 15.95370971258630
1 44415U 19022E   24074.37376884  .00365027  64405-4  87694-3 0  9998
2 44415  51.6199 207.4415 0009679 298.6130  61.3904 15.95858269258730
1 44415U 19022E   24074.74944538  .00380468  69389-4  89857-3 0  9991
2 44415  51.6197 205.4481 0009708 300.7474  59.2578 15.96164157258794
1 44415U 19022E   24075.37541510  .00413982  80977-4  94971-3 0  9991
2 44415  51.6189 202.1248 0009840 304.7326  55.2756 15.96680314258890
1 44415U 19022E   24076.50165414  .00388300  73095-4  84702-3 0  9991
2 44415  51.6189 196.1388 0010197 309.9249  50.0863 15.97590466259077
1 44415U 19022E   24076.56420407  .00394076  75058-4  85701-3 0  9991
2 44415  51.6191 195.8061 0010232 310.2178  49.7935 15.97642410259083
1 44415U 19022E   24076.68929833  .00395598  75660-4  85548-3 0  9999
2 44415  51.6191 195.1407 0010226 310.9475  49.0648 15.97743154259104
1 44415U 19022E   24077.50221613  .00416333  83535-4  86641-3 0  9998
2 44415  51.6190 190.8144 0010421 315.8132  44.2044 15.98417759259235
1 44415U 19022E   24077.68976353  .00408105  80754-4  84204-3 0  9996
2 44415  51.6188 189.8155 0010457 316.9687  43.0503 15.98571252259267
1 44415U 19022E   24078.50225189  .00444053  94926-4  87951-3 0  9992
2 44415  51.6184 185.4859 0010621 321.6730  38.3523 15.99280163259393
1 44415U 19022E   24078.68969684  .00445167  95571-4  87314-3 0  9993
2 44415  51.6183 184.4859 0010652 322.6765  37.3504 15.99450727259421
1 44415U 19022E   24079.50170828  .00555680  14729-3  10368-2 0  9990
2 44415  51.6182 180.1527 0010714 326.5914  33.4419 16.00305749259555
1 44415U 19022E   24080.50047179  .00562866  15345-3  98290-3 0  9994
2 44415  51.6183 174.8151 0010822 331.7835  28.2588 16.01442552259711
1 44415U 19022E   24081.43615996  .00636234  19918-3  10393-2 0  9993
2 44415  51.6179 169.8066 0011064 336.6209  23.4298 16.02567268259867
1 44415U 19022E   24082.43342576  .00712196  25669-3  10672-2 0  9997
2 44415  51.6174 164.4589 0010744 340.6575  19.4028 16.04017137260021
1 44415U 19022E   24082.62030915  .00679743  23402-3  10024-2 0  9993
2 44415  51.6172 163.4547 0010579 341.2730  18.7891 16.04282197260051
1 44415U 19022E   24083.42976054  .00768320  30846-3  10491-2 0  9993
2 44415  51.6165 159.1041 0010711 345.8179  14.2530 16.05542668260187
1 44415U 19022E   24083.61646395  .00824901  36096-3  11045-2 0  9993
2 44415  51.6164 158.0995 0010751 346.5316  13.5407 16.05866376260211
1 44415U 19022E   24084.17633708  .00885750  42881-3  11128-2 0  9999
2 44415  51.6161 155.0833 0010668 348.9445  11.1331 16.06898169260308
1 44415U 19022E   24084.54937207  .00991095  55797-3  11873-2 0  9998
2 44415  51.6158 153.0714 0010610 350.0855   9.9947 16.07677041260365
